195,219,217,230,227,185,235,240,190,172,167,158,177,166,195,170,170,156,190,245,219,192,184,248,252,253,259,218,191,184,195,223,188,152,191,183,184,161,212,203,168,190,233,177,276,213,212,272,196,179,176,192,177,167,173,168,154,212,230,234,223,245,261,251,257,236,215,154,160,157,165,142,
195,219,217,230,227,185,235,240,190,172,161,180,181,163,156,192,194,223,191,227,199,183,181,194,198,218,196,208,190,164,179,203,168,140,172,168,149,180,142,197,226,211,186,173,248,184,185,262,190,175,190,200,181,186,197,227,236,224,187,267,211,253,219,222,258,245,210,156,162,153,165,143,
179,200,205,212,177,227,216,245,188,169,191,180,181,163,156,169,185,262,209,209,217,182,198,192,202,201,172,135,175,156,156,168,153,144,172,159,162,148,139,164,221,212,204,194,202,210,227,214,212,218,161,165,169,167,173,168,154,212,230,234,223,245,261,251,257,236,215,154,160,157,165,142,
175,212,211,243,201,249,222,196,175,159,185,228,185,179,177,171,173,179,191,231,205,185,173,226,237,250,152,197,181,163,159,175,159,161,172,159,162,148,175,184,181,217,194,191,243,203,199,214,196,188,177,177,153,171,174,212,191,220,160,177,178,230,202,194,207,234,203,176,159,185,170,
183,209,234,241,246,205,230,196,201,182,165,180,216,181,207,176,199,225,209,199,195,238,193,200,199,199,162,135,180,163,172,181,151,141,172,159,162,149,139,203,186,165,180,176,263,204,200,264,192,176,190,169,197,184,195,225,234,222,185,265,209,251,217,220,256,243,209,154,160,161,167,
214,255,250,249,253,217,242,274,214,172,197,216,175,190,198,170,154,171,212,220,205,186,180,186,177,247,159,194,175,160,159,174,150,147,173,160,148,175,190,201,185,210,254,206,205,213,207,251,272,254,183,185,249,184,178,185,199,250,274,277,244,234,236,237,257,275,226,151,149,168,172,142,
205,227,237,255,211,255,238,224,213,196,181,216,175,190,198,170,154,171,206,198,243,219,213,202,205,202,189,137,165,170,166,193,158,148,173,160,150,180,168,244,222,203,199,186,246,179,204,260,196,205,168,168,174,167,170,131,170,212,213,273,256,225,239,228,236,200,230,180,195,176,173,142,
205,215,219,225,227,196,241,283,197,183,180,171,178,164,157,192,194,223,191,206,201,170,212,209,212,218,186,137,165,170,171,184,150,146,182,169,176,153,179,188,239,227,197,188,265,208,205,254,190,169,172,172,161,167,173,212,194,226,166,178,231,193,206,206,222,171,249,153,159,167,170,
183,212,216,234,198,242,220,190,213,190,183,158,181,166,195,170,160,192,229,209,182,183,177,174,195,200,187,145,175,168,177,204,169,141,155,166,148,179,175,184,210,201,208,217,282,220,235,223,254,245,203,220,227,149,186,181,222,236,176,182,235,204,220,221,236,243,196,176,159,186,170,153,
176,215,219,231,238,196,222,191,207,182,165,216,175,190,198,170,154,171,212,220,205,186,180,186,177,211,187,145,175,168,177,204,169,141,172,159,162,148,154,188,174,165,189,188,252,204,215,271,200,179,178,195,180,170,171,200,240,213,169,197,228,193,209,227,240,243,178,157,154,156,163,142,
208,228,246,246,246,213,240,246,220,198,191,172,191,156,165,171,169,176,232,212,196,220,217,221,218,232,198,184,209,200,199,201,171,140,177,164,148,177,175,184,181,217,194,191,243,203,199,214,196,188,177,177,153,139,164,212,194,223,163,174,184,232,201,201,220,158,239,164,158,188,234,
179,206,230,237,201,246,220,194,195,161,188,228,185,179,177,171,173,179,191,222,196,187,174,201,200,222,202,184,205,188,198,195,157,142,173,160,148,175,153,188,219,211,187,192,246,188,192,248,152,187,157,165,160,151,175,187,231,219,171,222,224,193,209,227,240,248,187,155,151,152,168,142,
183,212,216,234,198,242,220,190,213,190,183,216,175,190,198,170,154,171,230,206,180,224,221,215,213,225,186,144,176,163,159,169,147,140,177,164,177,154,155,188,219,213,206,205,269,211,219,280,212,196,175,171,157,167,177,147,185,227,212,215,228,197,240,246,246,237,206,176,159,186,171,
176,209,234,241,243,200,227,187,204,191,176,216,175,190,198,170,154,171,222,212,186,187,194,191,197,210,164,214,190,178,188,189,154,140,172,168,149,180,167,230,197,204,211,208,259,188,196,265,190,174,174,173,153,161,172,212,205,234,174,177,203,246,221,236,300,260,195,186,192,168,171,
179,206,231,238,201,246,221,196,201,186,165,228,185,179,177,171,173,179,191,231,205,185,173,226,235,237,154,135,168,158,162,171,150,143,173,160,166,158,212,203,156,186,239,199,197,215,217,282,217,205,185,166,191,168,161,212,194,229,161,217,184,236,200,196,197,249,196,191,187,165,252,
183,209,234,241,246,205,230,196,201,182,165,216,196,247,223,198,180,267,210,249,190,257,251,238,245,250,235,184,166,220,254,187,158,179,173,160,148,175,161,164,184,212,221,219,230,199,202,201,201,194,159,167,173,166,169,185,175,233,186,190,230,199,197,241,237,244,195,153,157,155,175,142,
208,228,246,246,246,213,240,246,220,198,191,180,183,171,155,168,189,284,237,217,183,184,191,198,197,208,162,135,181,171,175,188,151,142,172,159,162,148,154,188,174,165,189,188,252,204,215,271,200,179,178,195,180,170,171,159,182,193,228,232,237,218,221,251,235,258,212,160,166,168,171,143,
176,209,234,241,243,200,224,189,199,185,168,171,178,164,157,192,194,223,191,206,201,170,212,209,212,218,182,137,157,162,161,188,153,140,172,168,149,180,167,230,197,204,211,208,259,188,196,265,190,174,174,173,153,161,172,212,205,239,174,199,251,224,234,226,231,191,209,155,161,152,166,142,
208,228,246,246,246,213,240,246,220,198,191,172,208,166,168,169,171,177,190,233,205,188,177,226,235,237,181,146,184,169,180,203,168,144,172,168,175,152,190,201,185,210,254,206,205,213,207,251,272,254,183,185,246,173,168,214,196,218,154,271,254,238,246,251,298,257,243,154,163,174,177,142,
183,209,234,241,246,205,230,196,201,182,165,180,216,181,207,176,199,225,209,199,195,238,193,200,199,199,162,135,180,163,172,181,147,140,172,168,175,168,142,188,219,211,203,203,266,209,217,278,208,194,168,184,158,179,173,154,230,260,224,227,190,246,250,244,248,239,221,156,162,163,167,144,
205,227,237,255,211,255,238,224,213,196,181,216,175,190,198,170,154,171,222,212,186,187,194,191,197,210,187,145,180,168,178,188,154,141,172,168,149,180,167,230,197,204,211,208,259,188,196,265,190,174,188,169,206,179,194,222,223,215,205,239,224,206,230,238,251,256,196,169,155,184,210,146,
179,206,230,237,201,246,220,194,195,161,188,216,175,190,198,170,154,171,230,206,180,224,221,215,213,225,180,138,175,155,160,171,147,140,183,170,151,178,182,192,179,204,208,218,209,171,198,199,196,188,177,177,155,165,164,138,174,218,217,275,252,232,248,234,240,200,223,180,184,162,169,157,
189,212,216,221,186,234,218,253,212,166,191,171,182,155,164,171,173,179,191,192,243,186,176,226,237,250,152,184,178,164,163,185,151,148,173,169,148,175,143,247,210,214,167,206,260,189,199,264,190,174,173,173,152,161,171,222,204,233,173,276,208,252,215,212,229,258,200,185,159,188,171,150,
205,215,219,225,227,196,241,283,197,183,200,228,185,179,177,171,173,179,191,222,196,187,174,201,200,222,162,143,175,164,169,168,148,143,177,164,154,180,190,201,243,250,220,216,216,174,200,255,188,172,175,173,154,171,164,212,213,216,168,234,178,231,206,197,229,255,190,160,166,158,163,142,
205,227,237,255,211,255,238,224,213,196,181,171,182,155,164,171,173,179,191,192,243,186,176,247,258,274,161,210,190,165,173,183,151,143,172,168,148,175,142,164,209,224,200,196,294,232,228,219,258,249,179,222,234,168,161,222,194,235,168,194,237,221,237,222,278,245,195,200,178,206,181,
183,212,216,234,198,242,220,190,213,190,183,180,216,181,207,176,199,225,209,199,195,238,193,200,199,199,162,135,175,155,160,168,155,152,172,159,162,151,154,188,174,165,189,188,252,204,215,271,200,179,178,195,180,170,171,159,182,193,228,232,237,237,254,239,243,239,212,152,167,168,166,143,
205,215,219,225,227,196,241,283,197,183,180,180,181,163,156,169,185,262,209,209,217,182,198,192,202,201,180,135,178,163,160,173,148,142,177,164,158,186,216,233,234,216,190,181,272,210,204,281,202,193,182,162,188,170,178,191,174,242,203,227,224,193,188,209,245,239,169,152,158,152,163,142,
183,209,234,241,246,205,224,198,199,188,168,216,175,190,198,170,154,171,212,220,205,186,180,186,177,247,159,194,175,160,159,174,150,147,172,168,149,180,142,247,210,214,167,206,260,189,199,257,187,166,165,165,150,157,169,127,176,234,164,222,207,189,205,195,197,240,187,156,162,155,172,
175,212,211,243,201,249,222,196,175,159,186,228,185,179,177,171,173,179,191,231,205,185,173,226,235,237,154,214,190,178,186,187,152,141,172,168,175,152,142,266,231,222,192,176,193,209,203,269,200,180,158,173,166,154,151,212,204,233,167,177,183,226,191,195,243,242,197,176,184,159,165,153,
176,209,234,241,243,200,227,187,204,191,176,216,175,190,198,170,154,171,197,195,164,173,183,203,200,202,162,135,175,160,159,171,147,143,182,169,150,180,139,247,210,214,167,206,260,189,199,264,190,174,173,173,152,161,171,212,205,234,174,177,203,246,221,236,300,260,195,186,192,168,171,
