795,1229,1805,2536,
795,1229,1805,2536,
795,1229,1805,2536,
795,1229,1805,2536,
795,1229,1805,2536,
795,1229,1805,2536,
795,1229,1805,2536,
795,1229,1805,2536,
795,1229,1805,2536,
795,1229,1805,2536,
795,1229,1805,2536,
795,1229,1805,2536,
795,1229,1805,2536,
795,1229,1805,2536,
795,1229,1805,2536,
795,1229,1805,2536,
795,1229,1805,2536,
795,1229,1805,2536,
795,1229,1805,2536,
795,1229,1805,2536,
795,1229,1805,2536,
795,1229,1805,2536,
795,1229,1805,2536,
795,1229,1805,2536,
795,1229,1805,2536,
795,1229,1805,2536,
795,1229,1805,2536,
795,1229,1805,2536,
795,1229,1805,2536,
795,1229,1805,2536,
