215,225,222,229,194,238,268,185,260,206,203,205,210,204,211,314,344,342,294,274,248,222,230,268,292,339,232,223,196,178,263,196,166,177,210,206,213,203,255,281,228,239,224,245,208,281,246,266,217,257,186,205,212,219,269,218,230,210,248,285,255,224,242,257,249,321,232,160,180,174,186,142,
253,263,256,261,272,236,275,252,220,241,246,216,193,188,212,268,278,264,219,243,224,199,199,196,205,247,223,217,188,194,252,211,192,195,210,206,213,203,255,281,228,239,224,245,208,281,246,266,217,257,186,205,212,219,269,218,230,210,248,285,255,224,242,257,249,321,232,160,180,174,228,
224,227,218,225,249,211,279,231,299,214,207,216,207,193,208,311,341,339,291,271,245,219,227,254,295,294,203,171,228,223,235,228,209,203,182,169,182,159,309,303,244,247,259,250,295,232,244,265,237,247,189,216,223,212,264,189,222,301,259,278,254,243,259,256,289,294,236,164,170,204,228,
224,227,218,225,249,211,279,231,299,214,207,216,207,193,208,311,341,339,291,271,245,219,227,254,295,294,203,171,228,223,235,228,209,207,173,169,182,159,179,188,247,231,199,257,270,216,210,253,306,300,258,259,298,294,308,236,250,276,285,319,293,283,305,299,316,309,271,286,295,
253,263,258,257,292,258,278,269,234,240,225,216,193,188,212,268,278,264,219,243,224,199,199,196,205,247,186,171,206,213,212,218,199,261,194,190,205,195,310,303,245,247,260,250,296,233,245,266,238,248,190,217,224,218,265,202,210,204,278,328,309,284,321,312,315,373,271,207,265,249,
216,220,224,238,248,215,279,248,218,204,208,216,208,194,209,312,342,340,292,272,246,220,228,255,295,295,204,171,229,224,236,229,210,208,207,194,210,200,314,310,258,256,298,279,309,267,267,306,255,329,297,331,309,328,328,303,301,331,284,304,280,274,319,319,337,318,254,207,226,
224,227,218,225,249,211,279,231,299,214,207,216,207,193,208,311,341,339,291,271,245,219,227,254,295,294,203,171,228,223,235,228,209,203,203,190,206,196,314,308,254,252,264,255,305,262,258,281,247,257,201,250,230,251,261,184,208,209,330,333,309,289,315,317,338,332,314,201,216,229,247,
224,227,218,225,249,211,279,231,299,214,207,216,207,193,208,311,341,339,291,271,245,219,227,254,295,294,203,171,228,223,235,228,209,207,206,193,209,199,314,310,257,255,297,278,308,266,266,305,255,329,296,326,310,327,328,285,292,321,282,290,278,247,290,300,339,299,242,169,236,225,228,
224,227,218,225,249,211,279,231,299,214,207,216,207,193,208,311,341,339,291,271,245,219,227,254,295,294,203,171,228,223,235,228,209,203,203,190,206,196,314,308,254,252,264,255,305,262,258,281,247,257,201,250,230,251,261,184,208,209,330,333,309,289,315,317,338,332,314,201,216,229,247,
216,220,224,238,248,215,279,248,218,204,208,192,197,191,198,242,264,251,213,228,220,201,191,205,229,242,223,217,188,194,252,211,192,195,210,206,213,203,255,281,228,239,224,245,208,281,246,266,217,257,186,205,212,219,269,218,230,210,248,285,255,224,242,257,249,321,232,160,180,174,186,142,
215,225,222,229,194,238,268,185,260,206,203,205,210,204,211,314,344,342,294,274,248,222,230,268,292,339,232,223,196,178,263,196,166,176,200,196,205,195,314,305,251,249,264,252,302,262,249,290,254,239,170,214,214,210,211,252,279,271,264,289,283,274,282,284,327,299,257,203,218,274,
215,225,222,229,194,238,268,185,260,206,203,193,189,186,208,242,264,251,214,228,220,202,191,206,205,240,210,184,226,221,233,226,207,201,201,188,204,194,314,306,252,250,264,253,303,262,249,290,254,240,171,215,214,179,193,212,224,246,217,288,280,251,288,288,302,311,260,219,226,
253,263,256,261,272,236,275,252,220,235,240,228,220,217,248,244,253,253,252,253,229,209,226,213,243,277,168,143,224,219,231,224,205,199,200,187,203,193,314,305,251,249,264,252,302,262,249,290,254,239,170,214,214,210,211,252,279,271,264,289,283,273,281,283,326,317,256,269,275,
253,263,258,257,292,258,278,269,234,240,225,216,193,188,212,268,278,264,219,243,224,199,199,196,205,247,240,261,232,241,261,220,201,206,189,185,192,179,307,297,265,250,270,251,294,231,246,264,245,242,171,198,187,197,208,224,248,248,244,277,255,232,247,275,284,289,228,244,259,
220,224,217,244,253,219,283,253,220,230,235,228,220,217,248,244,253,253,252,253,229,209,226,213,243,277,168,266,237,232,231,237,218,285,254,301,305,360,312,306,265,307,282,286,217,337,271,277,183,277,196,196,219,181,249,182,193,195,321,330,306,279,302,317,329,323,290,189,204,274,
253,263,256,261,272,236,275,252,220,235,240,228,220,217,248,244,253,253,252,253,229,209,226,213,243,277,168,266,237,232,231,237,218,243,182,169,182,159,179,188,247,231,199,257,270,216,210,253,256,244,179,203,185,195,196,224,246,244,202,273,240,225,233,261,274,281,232,168,183,175,187,
215,225,222,229,194,238,268,185,260,206,203,193,189,186,208,242,264,251,214,228,220,202,191,206,205,240,210,184,226,221,233,226,207,205,205,192,208,198,314,310,256,254,296,277,307,265,265,304,255,329,295,306,301,327,329,285,291,322,282,289,279,248,274,299,345,315,266,168,197,192,227,
253,263,258,257,292,258,278,269,234,240,225,216,193,188,212,268,278,264,219,243,224,199,199,196,205,247,186,144,174,169,178,184,174,195,200,196,205,195,314,305,251,249,264,252,302,262,249,290,254,239,170,214,214,210,211,252,279,271,264,289,283,273,281,283,326,317,256,269,275,
224,227,218,225,249,211,279,231,299,214,207,216,207,193,208,311,341,339,291,271,245,219,227,254,295,294,203,171,228,223,235,228,209,207,206,193,209,199,314,310,257,255,297,278,308,266,266,305,255,329,296,326,310,327,328,285,292,321,282,290,278,247,290,300,339,299,242,169,261,239,
220,224,217,244,253,219,283,253,220,230,235,216,206,192,207,310,340,338,290,270,244,218,226,253,294,293,202,171,227,222,234,227,208,202,182,169,182,159,309,303,244,247,259,250,295,232,244,265,237,247,189,216,223,212,264,189,222,301,259,278,254,243,259,256,289,294,236,164,170,234,
224,227,218,225,249,211,279,231,299,214,207,216,207,193,208,311,341,339,291,271,245,219,227,254,295,294,203,171,228,223,235,228,209,203,182,169,182,159,179,188,247,231,199,257,270,216,210,253,306,300,258,259,298,294,308,236,250,276,285,319,293,283,305,299,316,309,271,286,295,
253,263,258,257,292,258,278,269,234,240,225,216,192,187,211,242,264,261,218,228,226,196,211,209,207,242,154,257,240,223,269,228,209,285,254,301,305,360,312,306,265,307,282,286,217,337,271,277,183,277,196,196,219,181,249,182,193,195,321,330,306,279,302,317,329,323,290,189,204,223,251,
253,263,256,261,272,236,275,252,220,241,246,216,193,188,212,268,278,264,219,243,224,199,199,196,205,247,210,184,226,221,233,226,207,201,201,188,204,194,314,306,252,250,264,253,303,262,249,290,254,240,171,215,214,179,193,212,224,246,217,288,280,251,288,288,302,311,260,219,226,
253,263,256,261,272,236,275,252,220,235,240,192,197,191,198,242,264,251,213,228,215,214,208,215,226,239,186,144,174,154,175,193,168,168,210,206,213,203,255,281,228,239,224,245,208,281,246,266,217,257,186,205,212,219,269,218,230,210,248,285,255,224,242,257,249,321,232,160,180,204,228,
253,263,258,257,292,258,278,269,234,240,225,216,193,188,212,268,278,264,219,243,224,199,199,196,205,247,186,171,206,213,212,218,199,198,205,231,270,190,269,224,230,257,254,260,265,216,235,286,243,248,210,207,217,173,246,213,244,232,223,235,223,192,296,297,320,286,264,220,264,248,
224,227,218,225,249,211,279,231,299,214,207,216,207,193,208,311,341,339,291,271,245,219,227,254,295,294,203,171,228,223,235,228,209,203,203,190,206,196,314,308,254,252,264,255,305,262,258,281,247,257,201,250,230,251,261,184,208,209,330,333,309,289,315,317,338,332,314,201,216,229,247,
253,263,256,261,272,236,275,252,220,235,240,192,197,191,198,242,264,251,213,228,220,201,191,205,229,242,210,184,226,221,233,226,207,205,182,169,182,159,179,188,247,231,199,257,270,216,210,253,306,300,258,259,298,294,308,236,250,276,285,319,293,283,305,299,316,309,271,286,295,
253,263,258,257,292,258,278,269,234,240,225,216,193,188,212,268,278,264,219,243,224,199,199,196,205,247,210,184,226,221,233,226,207,201,201,188,204,194,314,306,252,250,264,253,303,262,249,290,254,240,171,215,214,179,193,212,224,246,217,288,280,251,288,288,302,311,260,219,226,
220,224,217,244,253,219,283,253,220,230,235,192,197,191,198,242,264,251,213,228,220,201,191,205,229,242,223,217,188,194,252,211,192,195,200,196,205,195,314,305,251,249,264,252,302,262,249,290,254,239,170,214,214,210,211,252,279,271,264,289,283,274,282,284,327,299,257,203,218,274,
215,225,222,229,194,238,268,185,260,206,203,191,196,184,196,181,196,249,270,256,230,261,268,275,274,306,150,236,231,226,238,231,212,210,189,185,192,179,307,297,265,250,270,251,294,231,246,264,245,242,171,198,187,197,208,224,248,248,244,277,255,232,247,275,284,289,228,244,259,
