220,136,162,216,157,187,192,300,324,297,261,239,287,251,271,194,138,109,139,222,199,147,161,191,181,130,125,167,194,142,166,187,249,189,244,262,235,247,221,264,322,323,330,306,216,
151,150,167,137,196,174,188,185,201,92,117,142,131,131,79,84,209,285,163,210,236,253,251,304,278,358,330,313,176,132,140,267,207,184,188,226,175,225,
219,170,128,147,198,214,232,220,211,223,205,281,309,187,170,156,122,176,174,176,178,135,165,194,144,170,184,126,177,153,155,192,107,88,170,175,227,132,123,120,147,
109,208,204,216,95,158,186,252,213,208,202,151,185,112,125,216,197,208,198,169,174,175,161,146,196,172,167,175,175,157,113,156,143,156,143,130,162,
163,151,141,98,169,95,129,155,130,156,179,178,194,113,131,122,150,127,169,132,134,141,140,122,236,159,161,147,251,267,277,437,
211,225,212,210,96,96,115,141,155,178,134,115,125,132,130,130,108,101,106,200,195,206,222,188,193,191,234,212,163,216,130,94,82,144,139,147,168,190,142,124,113,
93,73,105,180,192,154,152,151,133,210,213,242,281,383,372,362,361,382,399,438,422,377,328,313,301,417,304,311,350,283,278,298,362,363,387,367,354,255,308,387,226,213,226,
110,118,107,156,250,200,240,246,244,254,203,278,242,253,240,246,238,298,201,182,243,162,132,111,208,150,144,200,148,273,200,192,
133,156,194,258,224,165,212,158,173,163,164,131,172,197,196,161,169,176,246,257,234,198,246,191,262,161,127,126,105,235,161,133,178,167,
172,156,162,165,233,257,246,303,198,168,210,197,191,135,204,171,177,161,204,212,175,203,164,260,208,174,162,162,154,155,150,166,232,165,
247,254,286,310,312,310,341,353,291,312,281,227,112,129,87,299,294,211,227,159,164,196,224,191,161,155,187,171,175,143,122,108,112,96,209,176,162,161,172,248,160,150,172,202,
100,117,233,180,220,161,151,164,154,225,182,155,94,264,261,272,140,122,128,118,163,91,104,117,224,266,222,258,159,146,121,106,
189,154,115,132,138,165,149,153,187,202,147,118,108,129,100,177,168,147,129,78,239,245,199,220,233,206,273,310,291,191,229,273,186,182,163,216,183,103,122,150,104,111,
149,137,177,267,240,222,204,188,218,200,163,150,255,174,117,155,141,113,141,148,104,128,141,215,181,213,285,149,202,184,252,229,237,178,296,
102,77,126,225,276,279,282,220,240,264,247,272,216,295,97,160,197,198,236,272,247,215,198,189,245,280,306,275,266,304,285,221,185,259,213,253,215,207,199,224,247,233,92,89,209,
94,93,286,299,284,312,325,311,271,259,384,324,350,350,370,374,373,371,346,331,356,419,492,428,374,437,440,366,453,431,426,419,380,322,370,349,406,392,343,364,207,207,240,226,246,189,202,210,200,
82,91,176,232,173,74,301,227,273,301,324,314,156,185,114,118,178,184,177,214,204,166,307,277,296,298,219,252,140,213,169,150,103,142,76,97,71,86,
155,88,103,112,205,168,108,166,198,246,228,161,166,154,162,144,213,199,208,160,147,195,209,224,158,159,153,134,162,118,154,117,227,203,224,
103,146,116,90,119,106,117,116,134,127,97,165,150,153,140,225,269,320,314,280,267,358,357,341,352,300,339,278,340,324,206,275,278,299,240,196,164,155,171,182,185,173,153,
75,281,188,273,238,196,194,150,157,138,163,221,164,137,125,142,202,221,229,132,96,83,138,167,92,158,157,208,143,139,174,143,126,147,153,152,106,143,301,343,
132,150,169,134,107,122,114,238,236,135,221,157,174,208,184,210,238,240,199,175,242,232,173,186,230,178,250,224,275,289,246,269,219,154,164,225,111,191,
53,187,188,219,283,188,226,146,207,132,130,232,278,249,301,312,228,215,246,390,302,302,299,284,303,271,346,335,312,325,260,324,274,316,276,96,
107,98,107,254,227,277,243,331,362,358,376,357,422,462,470,419,429,397,436,440,486,478,489,423,548,450,524,493,443,384,431,330,303,288,281,293,402,402,395,404,366,308,362,266,
104,195,197,216,190,176,185,171,187,149,252,228,234,189,168,284,179,199,207,263,236,178,261,256,198,148,163,225,139,151,114,200,201,199,207,234,102,130,94,168,146,171,186,249,234,
78,206,255,285,259,269,246,247,268,302,347,354,374,305,403,420,384,307,346,342,323,342,382,429,426,434,408,354,378,332,370,341,314,316,261,231,228,212,194,249,262,187,145,162,114,94,112,
100,118,119,140,98,191,153,181,161,155,101,103,104,133,119,136,167,177,175,299,292,302,258,251,265,243,310,191,227,139,176,221,197,
104,209,165,150,192,194,199,199,205,232,276,232,198,184,165,191,204,203,208,192,175,139,120,197,211,184,228,220,276,118,171,124,146,229,211,160,129,225,262,219,241,250,235,271,285,240,204,293,171,
145,135,146,149,145,176,154,126,153,166,250,253,275,221,195,194,171,260,278,262,260,250,124,140,184,203,313,254,305,349,
228,229,229,220,258,217,294,241,289,267,211,235,244,286,203,118,119,134,115,158,174,135,184,148,182,271,227,303,317,308,319,339,363,364,355,311,361,393,389,407,438,408,
100,125,153,127,253,238,274,265,310,246,218,195,217,143,142,150,160,143,135,140,118,220,155,89,105,65,118,125,100,110,118,117,111,106,184,143,154,172,183,215,227,234,182,162,133,
