18.4706,20.6587,20.2978,21.8006,25.1762,22.9882,18.4388,21.0704,18.2992,22.3037,19.3464,19.812,29.6047,24.6924,24.3872,19.9714,24.2216,22.5191,29.6636,23.6434,22.7476,21.7292,23.0097,21.2266,26.7283,18.8841,21.6057,20.278,25.3058,21.1557,19.7244,22.8498,18.2154,27.5499,23.5706,24.3666,26.5134,23.9843,19.0276,18.5283,28.3544,29.6274,26.2559,28.0822,20.6908,
24.3558,18.784,25.2505,20.8501,24.9385,25.7022,18.5107,22.2331,24.3229,21.0409,26.6361,21.6378,26.904,25.3016,19.1126,17.6968,22.0551,29.2603,22.504,23.5721,24.0357,27.1299,29.4482,20.4417,21.0633,26.334,21.9965,30.0254,27.4576,20.7313,24.0151,20.9779,26.6363,16.1973,19.3647,29.67,20.1672,24.7996,
26.7429,23.2304,19.0906,24.3865,25.9479,17.3746,29.6904,15.8555,15.8317,22.3178,23.3626,21.9404,23.3142,31.3271,23.7041,23.4581,18.225,23.2437,25.5184,22.293,22.6573,18.0176,22.0043,21.2745,20.5774,21.9336,19.3723,22.5784,23.3084,22.9002,23.4409,27.7162,25.4282,20.8969,21.4019,23.5682,27.9442,25.035,25.5604,21.1077,23.4628,
19.024,22.4859,16.5467,18.3525,16.8938,30.6658,30.4015,21.1759,18.7289,22.4321,23.4222,21.7065,25.9209,21.3914,21.8309,23.7981,22.5214,23.7803,20.2005,23.7865,25.1206,18.4022,25.0646,19.2394,28.0138,23.665,27.7446,19.0076,17.4807,23.3848,20.1616,20.07,21.4503,20.7229,15.7061,25.1509,27.5928,
22.2876,22.555,30.2878,23.3197,21.9391,19.0375,19.7238,24.5065,21.9746,22.5842,20.8365,28.3041,24.5336,23.7891,28.0508,24.1971,19.4269,22.0577,24.6417,21.3112,18.2711,26.9822,23.4514,24.2072,27.0246,20.2982,23.7554,23.2712,21.0427,23.7965,19.2974,21.9584,
23.5474,25.2726,30.2812,19.5139,15.3745,20.627,19.5882,21.023,20.6292,29.8053,23.2287,22.5829,24.5774,24.8412,24.0849,19.2574,20.5205,22.7291,23.3492,19.6985,17.483,15.4038,27.3855,19.2647,20.9089,24.204,21.5783,22.539,24.5156,29.0674,31.7951,23.1197,18.8241,27.7861,18.0881,20.2619,25.0322,21.4936,18.5762,21.8699,26.4878,
21.8704,17.7609,24.3045,25.6168,20.0848,22.8076,17.6708,17.8886,29.5418,21.6817,19.7882,17.6119,16.5326,21.6916,22.8824,28.5647,24.9847,27.2117,26.1618,19.9363,21.1912,24.4291,28.1978,20.9326,23.821,22.9463,25.631,18.4904,19.1703,25.3739,22.0455,17.0202,31.4529,16.3286,22.4894,20.16,18.944,15.028,22.2278,21.6228,13.2805,23.0838,23.7798,
24.9149,19.7237,19.8674,27.8623,23.5072,21.4434,28.5118,19.9354,20.5101,19.5575,27.2355,27.6029,23.5397,25.9286,21.4513,21.651,25.1482,18.9085,20.0542,18.274,18.5224,21.381,18.7881,23.6828,27.1835,20.58,20.865,24.6389,18.5359,25.6706,19.8035,24.3835,
30.5346,24.2335,23.9463,25.2292,25.3198,21.4823,23.5041,16.0884,22.4913,21.6779,23.5105,19.9728,13.5428,25.4573,26.5395,19.0018,21.8673,22.1398,21.0493,23.1514,21.2507,21.7677,24.6335,18.9098,19.0248,27.8257,21.9657,28.8093,20.6921,22.7043,15.3737,19.8802,22.1802,18.7488,
23.3057,24.0051,20.0731,22.8526,22.6466,15.4733,25.9989,22.1271,23.4861,22.6034,21.1051,19.0076,21.9124,20.9527,23.9571,24.4981,23.6235,21.4621,21.5788,21.1259,23.906,29.4308,22.1792,32.586,19.131,24.6469,22.6514,23.2796,24.0196,21.0406,20.3561,24.0015,16.216,29.1524,
19.7518,24.1763,28.5472,21.7998,18.9597,21.7537,23.6575,22.2079,19.6685,23.8375,24.085,19.6614,25.6624,28.3433,21.0148,26.2065,27.8103,17.6287,27.8961,26.3757,27.104,26.172,31.1379,17.57,23.5783,20.852,19.3409,19.3407,23.5315,22.8541,21.7137,23.0369,22.7293,19.2614,29.3457,22.5207,20.0809,19.3764,20.3022,22.9728,17.2981,16.3736,24.6209,27.9654,
22.6384,24.6799,25.4128,22.0065,26.1596,22.8449,27.6763,22.1999,22.3515,22.5622,22.9743,24.6047,22.1773,21.8125,20.7843,25.5866,16.6873,23.1481,21.5102,23.1557,23.5689,20.6385,25.4049,20.0165,17.8157,26.0647,24.8701,18.6228,24.9069,19.9056,18.0404,25.8485,
25.0117,16.6254,22.3482,19.1631,20.8301,21.1156,18.3663,28.9248,28.7956,26.6885,22.2594,23.6441,19.7523,19.566,24.1459,20.0852,26.2974,24.6437,22.5019,18.7376,21.3104,22.6196,20.6953,24.8605,25.5353,15.1286,24.1533,26.791,19.5136,22.6458,19.7234,29.0321,26.2679,25.6689,18.5225,24.7956,20.1806,21.1198,24.2645,28.0074,24.5708,20.7748,
20.6122,19.4914,30.7659,23.4407,23.8872,21.4117,19.5453,23.2202,24.2224,18.4259,17.4666,19.3723,26.95,22.0113,17.2685,24.5305,20.0784,21.1797,20.831,20.0702,21.742,21.6293,22.1744,22.4551,21.0613,28.1478,21.2674,24.3856,26.3781,24.0876,25.3669,24.6112,19.7195,20.3578,22.5649,
23.896,18.879,23.332,22.9623,21.5778,18.1345,19.9201,20.6433,19.8821,21.377,15.9141,22.228,25.6401,17.4711,19.9358,19.5997,20.6225,23.1938,25.9208,22.8141,22.853,16.8838,23.8645,17.9486,24.3598,23.3688,24.7114,20.5803,18.7596,29.4278,30.3237,25.2583,19.9778,22.8839,28.0386,20.0714,19.3177,20.8354,20.1744,23.3804,27.8355,30.8227,21.9921,21.5371,24.7044,
22.8071,21.6317,28.792,25.0385,12.9432,21.9332,27.7722,17.0309,25.6592,19.7801,29.8195,21.3772,27.5748,20.6854,21.9138,22.4723,17.6455,22.8433,24.0903,25.4465,25.4649,24.2209,26.1853,17.5941,27.3128,25.2559,22.46,21.7546,24.8295,20.5389,24.0626,23.4742,28.9257,20.5671,18.7959,17.5585,23.3841,23.3019,24.5629,24.6234,23.0325,22.0822,26.0951,17.9256,24.1195,25.6455,25.0519,22.1574,24.4113,
19.6701,20.5756,21.8976,17.5689,26.244,13.178,22.6766,22.3196,23.8465,26.8588,27.301,21.28,19.9541,18.644,18.2013,18.5404,20.4006,22.7093,25.9611,26.7672,20.5706,16.7587,22.4215,21.0247,22.093,22.5327,21.5537,27.8349,17.9174,19.8576,20.3372,24.9328,22.5901,26.373,18.2582,22.7364,17.2535,21.0288,
22.2214,20.7493,17.3472,25.4308,20.5597,23.2819,19.6723,30.3913,22.8985,25.449,26.2364,24.1857,22.0785,23.9916,20.3885,20.6104,25.5264,24.6887,24.7465,19.3972,21.0663,18.4263,21.4308,21.7279,22.5808,22.2231,22.3507,23.6095,24.2273,24.3186,24.9404,25.3017,18.0619,21.6611,25.8787,
25.2094,27.499,22.4863,18.1371,21.9948,18.8926,19.5967,23.3723,27.8597,25.2305,20.4725,21.7587,28.5543,18.5502,22.3343,22.6074,23.4135,31.8164,24.874,23.1441,18.5317,26.3385,18.3554,21.8324,23.4086,19.1393,23.3739,20.051,26.1005,25.5163,25.9823,25.4227,22.0765,22.783,21.0605,26.6584,29.6539,22.2839,25.5401,24.668,20.7726,32.5263,24.4752,
14.9992,24.4271,21.9248,29.1077,26.8721,25.7213,19.3052,20.3609,21.5478,22.5749,27.219,25.6065,26.3485,23.4436,24.482,26.7814,28.5905,31.1745,19.9324,30.9024,21.3356,19.476,20.7668,26.1333,18.771,25.3684,20.5979,27.0582,19.9573,18.5844,23.4157,26.5352,21.8044,27.5615,22.4139,22.4657,21.787,20.9251,23.8925,24.6866,
20.1951,25.07,15.4803,20.5646,20.0266,16.5929,27.3694,30.3045,24.9875,22.0353,24.8068,22.0777,23.3047,24.4747,24.8027,18.3106,21.4821,25.9598,20.6791,22.6341,25.0003,23.2175,20.7378,26.5579,26.9234,23.6297,23.2573,26.2233,18.5178,22.2887,23.9834,22.7766,21.6947,22.5024,25.354,25.4504,21.0545,25.2167,
12.5976,23.512,20.4705,23.8453,17.9895,23.5603,20.2935,20.9946,35.2717,22.937,21.7589,19.3388,28.606,19.0572,21.8957,17.6522,24.3084,20.4123,23.0682,27.2833,26.7738,26.4612,26.6445,23.6275,22.2191,19.4085,18.1782,19.9344,23.5425,21.1513,23.0703,25.4559,22.7913,37.1745,21.0123,20.4555,
25.8816,19.6325,22.0014,22.0436,22.0939,23.2286,24.7739,22.2,21.994,17.5496,16.1748,20.0745,19.9088,18.5107,21.5106,23.7924,23.1269,22.1033,22.6612,21.2474,22.1649,22.4682,19.5118,14.4474,29.3259,19.9421,30.69,20.8341,25.5085,20.6662,22.3018,29.4196,24.0763,21.9661,20.4191,21.0047,19.812,23.4866,19.6762,24.2703,17.0342,17.1678,23.9877,21.3529,
24.9809,30.634,23.0648,18.6066,22.8627,20.2259,29.7486,17.9072,24.2049,22.277,19.1945,24.3042,23.8811,28.2264,24.3075,19.6234,18.7908,22.4591,20.9551,21.0867,22.9645,16.5258,26.8231,23.5203,25.6811,25.3107,21.5818,27.1313,20.512,21.6484,21.4694,26.9217,23.143,24.9645,21.0027,23.0517,19.2014,25.6574,17.6574,21.4142,21.1216,30.4417,21.4616,28.2001,22.4792,
15.0189,22.0949,27.6752,25.7006,25.0121,20.5879,29.4179,23.4151,21.3522,23.4699,23.186,28.9444,22.1416,24.0181,21.0011,21.967,28.5445,26.6431,20.4356,17.6693,28.4508,19.9343,26.0873,30.9327,22.115,25.8512,26.7643,22.249,22.7695,24.4907,18.0979,24.6874,21.5729,23.7035,16.2774,20.3216,22.8072,18.629,17.2871,22.8421,20.5416,21.4997,18.5474,27.3507,21.0333,16.9047,23.4429,
23.3554,21.1109,21.9914,27.8019,18.0374,27.9285,21.7796,23.9661,18.117,26.9076,22.0094,16.8263,23.1965,20.967,15.8058,20.9328,22.1472,18.4303,19.4193,21.8207,22.4049,22.8454,21.6379,22.895,22.785,19.079,20.2533,28.2673,22.3247,23.1095,16.8622,20.4789,25.3806,
17.968,21.8366,24.5938,20.9536,24.7863,25.8961,20.5114,24.0276,23.4647,25.1338,27.8277,23.5367,26.64,22.6272,21.2893,26.1034,18.723,29.3696,23.4573,24.8061,22.7869,26.628,29.467,21.1726,23.8757,18.7448,22.1569,22.3558,24.3654,22.0744,20.9668,19.9022,21.0625,21.4968,24.6136,26.7181,16.4128,23.4825,28.6169,19.071,20.3987,27.9284,27.6211,19.9154,25.2473,32.9907,18.5598,28.332,26.9663,
20.5814,20.5073,26.3191,21.0487,22.0871,18.7719,20.0279,24.1829,21.2602,22.0496,21.8409,23.8505,22.8027,25.2461,23.7799,24.0475,21.0809,28.9102,23.9528,23.6314,24.1204,22.4175,19.0454,21.1285,20.786,21.4355,23.9123,22.1779,21.0729,22.5779,
24.8459,23.7307,21.7889,20.4988,22.1739,24.669,23.603,25.9231,24.1157,20.9494,21.4758,23.9064,23.82,21.125,22.7114,25.5494,24.4556,25.009,16.2227,18.0049,24.3286,20.8127,20.5786,23.9206,27.085,23.5607,16.9355,28.8643,24.9749,20.6285,22.4585,21.112,24.3045,27.4714,20.8923,17.9294,24.0654,27.0671,22.5869,20.0927,21.7589,20.188,
24.3479,22.23,22.9188,28.735,29.8969,29.4551,24.7302,19.5898,25.7129,23.4534,21.0758,19.0759,25.6292,20.1498,21.2134,20.4398,18.2092,28.3594,22.5737,22.2173,20.5315,30.629,21.7832,20.5205,23.7345,12.9797,22.9075,21.8545,19.6472,19.0244,23.7203,19.7456,24.3271,24.9144,26.297,20.6141,24.5861,27.8307,22.2063,21.1243,20.9401,24.7349,24.0762,25.3307,21.575,
