170,181,271,251,199,189,223,229,245,168,177,245,214,208,252,273,305,210,243,273,346,319,283,292,308,312,287,352,313,326,283,318,276,263,233,253,223,213,150,274,255,217,243,231,264,267,262,218,263,243,212,215,213,210,239,248,229,177,232,172,159,185,175,162,191,202,212,211,206,211,302,298,228,265,348,307,341,330,346,371,382,380,359,358,404,411,398,389,323,328,
205,172,191,172,181,172,192,218,281,229,245,258,254,268,289,351,336,279,297,245,284,291,299,306,247,310,249,241,294,261,204,164,169,153,161,176,186,166,155,199,139,160,134,218,242,232,279,290,273,280,244,258,267,282,327,272,247,258,275,271,247,246,266,226,223,232,247,370,300,236,232,255,259,230,274,229,274,266,375,326,277,295,266,258,275,232,
228,197,239,223,270,200,184,235,194,239,293,270,244,282,277,286,256,323,321,286,274,261,278,276,228,317,266,280,285,210,247,254,254,225,286,246,241,198,201,234,182,250,204,254,274,223,253,199,197,261,255,196,261,254,192,180,175,188,183,223,150,157,155,147,163,150,198,208,216,150,197,189,188,168,197,227,175,
244,221,229,248,203,190,288,335,326,332,301,298,233,310,268,277,283,334,359,340,219,300,218,232,228,211,237,237,160,192,238,179,192,182,254,268,272,270,259,283,228,269,287,305,251,280,266,198,219,201,222,220,243,236,218,220,245,230,196,212,174,214,215,259,276,222,225,230,238,262,200,210,204,226,158,181,197,180,239,
164,196,204,211,177,210,195,179,139,261,252,249,255,232,223,232,244,220,253,268,188,177,193,235,237,204,213,216,291,198,194,218,214,267,177,189,158,148,154,196,173,158,163,218,201,193,242,268,233,183,164,194,205,179,200,194,175,171,174,193,162,271,275,246,255,243,218,211,206,340,293,293,263,275,
200,221,199,218,183,267,207,149,249,180,195,183,203,218,152,171,197,181,210,191,187,177,187,204,184,199,203,177,178,151,174,252,240,265,231,279,287,271,276,271,268,290,354,222,191,213,247,248,210,205,181,213,210,221,178,157,160,172,146,165,145,243,173,195,213,225,254,196,235,220,196,242,251,237,189,194,175,
152,169,216,211,207,193,218,207,249,264,236,235,208,240,160,162,195,298,261,249,241,266,271,333,330,385,410,479,443,449,399,431,390,472,451,442,425,451,433,479,492,493,535,531,548,513,542,525,523,531,544,552,514,509,466,436,514,502,468,484,486,522,508,530,528,558,549,444,409,400,420,426,438,392,455,488,475,443,488,443,467,391,383,362,377,376,382,387,407,482,451,457,363,322,304,301,
154,176,150,231,210,194,198,236,226,249,247,203,229,225,186,189,211,174,163,246,304,271,254,251,255,300,314,317,327,322,325,301,303,323,324,319,340,352,375,368,371,283,299,300,329,337,360,280,291,347,340,347,367,358,297,331,293,310,317,382,298,301,248,245,213,215,231,209,221,208,199,247,234,246,224,213,219,233,198,192,236,289,297,287,272,322,298,252,243,257,
147,228,222,209,328,269,261,251,234,325,276,269,263,257,258,257,282,220,186,223,204,217,264,320,269,261,262,268,233,222,221,198,230,221,187,209,208,250,193,262,298,221,233,274,297,259,282,344,322,292,302,321,258,258,257,260,226,251,216,278,231,212,166,189,159,180,240,226,223,206,198,211,209,183,301,240,233,275,326,314,280,277,
183,222,222,247,229,223,182,175,174,172,344,321,315,238,229,241,222,248,235,265,302,297,276,251,281,276,249,246,247,207,209,214,215,279,257,331,290,229,222,205,213,224,261,256,152,157,332,317,267,283,249,270,256,276,302,188,270,245,224,198,199,268,266,257,239,254,242,269,270,230,203,277,222,234,236,247,235,227,254,221,187,176,199,184,251,262,259,217,
302,326,313,315,311,301,309,331,326,340,401,412,371,381,360,305,307,279,216,277,288,232,167,149,167,161,182,248,290,270,307,265,266,247,261,267,268,290,275,309,270,263,277,287,269,222,241,225,219,243,265,228,218,190,180,165,140,156,185,131,171,150,177,206,184,204,228,305,310,279,245,262,247,253,228,253,270,270,263,207,201,221,210,214,
261,296,263,242,279,251,251,262,227,194,233,195,200,240,207,201,233,186,190,196,244,223,255,262,297,306,248,223,213,277,247,260,220,188,190,205,172,220,170,155,165,255,247,274,324,309,331,309,319,288,245,245,284,304,360,333,268,268,289,303,265,287,286,314,296,233,230,202,223,235,143,185,150,211,
192,237,223,232,260,204,211,242,246,219,262,264,215,210,233,278,309,286,263,298,220,240,219,247,241,217,229,182,181,227,240,174,158,167,229,262,238,245,264,224,174,211,208,218,273,313,298,301,269,253,336,323,307,239,228,279,319,310,286,289,326,332,286,352,280,289,286,311,300,308,285,321,323,312,325,186,276,241,264,203,210,232,167,188,186,176,
189,246,255,256,280,302,279,260,247,253,255,281,273,303,303,174,185,247,245,239,283,301,325,337,285,260,310,278,255,271,314,313,235,329,215,231,241,251,269,233,229,184,208,194,221,250,230,214,226,200,240,202,246,226,224,184,187,199,192,199,230,196,188,296,282,278,249,231,249,292,279,321,327,294,296,250,255,260,351,339,255,290,279,316,
138,241,309,294,302,256,375,304,331,314,381,310,339,392,388,402,392,397,359,380,349,374,350,413,383,377,374,341,311,268,289,266,285,421,425,290,250,290,324,268,318,330,283,286,376,284,268,284,285,268,301,300,263,300,277,302,278,265,258,205,199,212,233,177,178,146,208,271,221,220,217,
147,160,319,302,319,327,312,337,348,366,372,402,397,395,369,404,381,351,370,420,421,434,458,458,454,467,453,460,458,475,441,477,483,483,516,548,502,542,487,503,518,508,534,543,598,532,543,511,495,457,493,444,463,484,436,429,461,504,491,479,492,460,482,477,487,416,356,384,413,418,473,463,460,398,398,267,266,312,331,319,242,248,242,238,232,258,223,
233,203,213,257,235,193,207,185,185,206,220,242,268,311,313,308,261,322,292,345,338,333,335,357,283,286,282,307,285,298,410,288,290,279,302,264,322,319,312,326,329,321,329,268,268,276,258,238,275,292,223,189,216,199,226,208,223,249,310,285,307,390,387,307,314,299,289,305,312,320,329,320,338,316,362,354,194,244,212,207,225,192,183,190,152,152,
156,162,196,165,150,255,203,229,238,236,141,236,227,228,211,196,202,192,214,188,174,202,142,160,125,243,186,190,177,169,273,284,299,280,281,271,277,284,247,253,253,263,280,311,287,209,313,216,191,212,205,193,215,195,193,213,246,201,182,210,247,175,187,181,193,188,226,182,327,253,259,250,265,251,242,
167,130,166,151,144,164,163,182,148,156,193,210,199,217,211,216,208,182,252,265,245,285,316,350,414,394,390,380,378,384,422,442,440,419,422,413,392,418,404,413,431,453,469,485,502,509,510,412,390,403,428,454,449,315,262,303,262,305,305,319,346,323,332,342,353,372,202,210,203,202,269,191,158,
248,254,271,278,275,264,226,197,257,214,188,189,208,205,233,232,200,203,214,156,163,173,179,209,204,214,261,263,281,255,263,237,203,209,182,197,203,221,217,160,174,197,200,163,140,162,192,204,193,206,256,235,242,216,230,189,226,204,169,250,273,369,396,370,376,376,362,365,372,408,410,
188,191,212,207,174,201,191,202,200,173,164,210,258,278,209,180,184,171,179,176,280,223,219,221,238,275,297,217,239,244,226,260,259,273,333,340,355,326,303,292,279,272,309,299,286,291,282,247,261,289,298,292,266,290,321,279,308,288,303,314,269,360,282,272,278,257,245,286,328,237,243,230,211,191,171,192,164,200,188,200,201,335,315,317,248,207,209,228,237,
260,252,285,309,261,263,239,333,296,311,300,327,314,250,290,299,301,252,288,252,199,231,218,243,166,199,213,199,348,294,278,261,298,350,386,372,379,379,369,367,381,351,402,334,342,366,346,393,354,383,364,394,393,374,358,370,284,317,325,352,352,318,331,330,308,310,266,247,285,257,416,430,467,375,367,384,360,354,328,402,440,390,438,410,433,402,465,413,418,339,380,387,349,344,312,307,231,254,228,218,217,215,210,158,166,
165,168,122,161,200,177,192,149,277,264,259,253,244,271,335,331,338,352,460,453,431,454,430,479,507,558,513,519,519,514,563,585,558,584,608,614,587,582,570,600,579,613,614,576,586,597,662,583,582,609,598,592,653,550,582,600,552,496,451,550,523,479,543,511,471,520,472,453,454,479,501,527,484,463,466,435,398,444,477,475,466,416,443,462,435,469,452,408,413,409,414,407,427,415,405,425,374,421,431,446,
272,244,275,229,231,213,226,220,242,241,193,232,257,297,287,281,271,298,271,295,353,353,303,246,280,277,251,329,327,319,294,244,239,272,285,334,285,294,215,283,345,312,213,237,212,215,214,248,211,203,200,202,199,205,198,172,155,151,181,213,214,253,231,235,222,222,257,273,175,207,171,161,172,183,174,231,215,262,
234,208,200,211,303,310,333,366,338,338,362,377,371,362,407,409,386,377,387,547,415,455,425,397,442,462,496,442,437,366,379,359,370,376,365,383,387,414,438,379,375,368,414,326,333,289,373,390,381,388,385,426,414,423,431,396,404,391,351,358,356,372,381,368,378,384,314,314,374,375,384,244,233,215,222,237,243,283,206,181,189,188,185,198,144,151,234,195,222,262,
146,141,169,163,145,182,181,268,230,244,248,239,230,248,300,255,254,234,186,201,198,213,161,183,134,192,191,177,197,198,196,196,298,233,216,211,227,230,227,263,277,285,302,224,267,261,215,240,228,217,219,209,235,304,314,312,329,345,331,362,351,312,339,350,343,338,361,300,285,266,249,231,281,305,282,211,245,256,225,268,245,
177,215,211,216,226,214,259,221,202,212,296,288,284,227,236,231,249,276,329,244,289,269,275,220,283,259,242,244,234,244,172,171,158,288,247,256,277,289,307,300,266,260,277,330,280,222,229,221,233,215,213,231,220,238,251,218,207,218,231,296,348,252,277,304,261,278,272,228,383,368,374,394,391,335,316,313,290,268,307,318,319,345,352,358,395,325,230,233,
175,170,184,214,204,214,255,168,217,234,269,237,226,204,226,223,218,229,306,222,232,253,247,248,247,269,298,303,357,313,370,281,340,326,343,324,313,320,329,323,329,352,306,404,382,386,321,332,218,239,252,210,209,220,240,188,198,146,165,199,358,323,334,263,261,320,336,339,363,357,460,445,454,444,375,379,385,413,409,414,412,469,422,526,433,451,437,436,389,436,394,362,362,368,379,
284,290,284,294,301,328,313,347,363,349,348,339,349,385,392,363,331,328,289,304,299,310,342,332,285,267,298,165,201,175,208,201,177,159,165,165,197,224,274,258,236,244,185,228,266,254,202,204,225,229,246,167,138,244,177,229,280,292,267,291,282,263,322,379,425,477,466,455,422,418,447,421,472,461,413,487,469,466,531,535,551,
139,148,185,172,163,316,276,306,277,263,283,274,291,319,305,327,286,321,278,280,321,371,246,260,250,236,168,187,223,148,252,217,244,234,231,225,220,198,211,136,139,196,209,258,169,188,195,219,170,181,199,177,183,210,195,159,150,197,220,221,234,234,233,318,235,224,182,182,
