441,469,468,415,413,465,528,597,645,638,613,860,830,838,954,822,1096,1249,1287,1310,1515,1475,1529,1442,1421,1480,
441,469,468,415,413,465,528,597,645,638,613,860,830,838,954,822,1096,1249,1287,1310,1515,1475,1529,1442,1421,1480,
441,469,468,415,413,465,528,597,645,638,613,860,830,838,954,822,1096,1249,1287,1310,1515,1475,1529,1442,1421,1480,
441,469,468,415,413,465,528,597,645,638,613,860,830,838,954,822,1096,1249,1287,1310,1515,1475,1529,1442,1421,1480,
441,469,468,415,413,465,528,597,645,638,613,860,830,838,954,822,1096,1249,1287,1310,1515,1475,1529,1442,1421,1480,
441,469,468,415,413,465,528,597,645,638,613,860,830,838,954,822,1096,1249,1287,1310,1515,1475,1529,1442,1421,1480,
441,469,468,415,413,465,528,597,645,638,613,860,830,838,954,822,1096,1249,1287,1310,1515,1475,1529,1442,1421,1480,
441,469,468,415,413,465,528,597,645,638,613,860,830,838,954,822,1096,1249,1287,1310,1515,1475,1529,1442,1421,1480,
441,469,468,415,413,465,528,597,645,638,613,860,830,838,954,822,1096,1249,1287,1310,1515,1475,1529,1442,1421,1480,
441,469,468,415,413,465,528,597,645,638,613,860,830,838,954,822,1096,1249,1287,1310,1515,1475,1529,1442,1421,1480,
441,469,468,415,413,465,528,597,645,638,613,860,830,838,954,822,1096,1249,1287,1310,1515,1475,1529,1442,1421,1480,
441,469,468,415,413,465,528,597,645,638,613,860,830,838,954,822,1096,1249,1287,1310,1515,1475,1529,1442,1421,1480,
441,469,468,415,413,465,528,597,645,638,613,860,830,838,954,822,1096,1249,1287,1310,1515,1475,1529,1442,1421,1480,
441,469,468,415,413,465,528,597,645,638,613,860,830,838,954,822,1096,1249,1287,1310,1515,1475,1529,1442,1421,1480,
441,469,468,415,413,465,528,597,645,638,613,860,830,838,954,822,1096,1249,1287,1310,1515,1475,1529,1442,1421,1480,
441,469,468,415,413,465,528,597,645,638,613,860,830,838,954,822,1096,1249,1287,1310,1515,1475,1529,1442,1421,1480,
441,469,468,415,413,465,528,597,645,638,613,860,830,838,954,822,1096,1249,1287,1310,1515,1475,1529,1442,1421,1480,
441,469,468,415,413,465,528,597,645,638,613,860,830,838,954,822,1096,1249,1287,1310,1515,1475,1529,1442,1421,1480,
441,469,468,415,413,465,528,597,645,638,613,860,830,838,954,822,1096,1249,1287,1310,1515,1475,1529,1442,1421,1480,
441,469,468,415,413,465,528,597,645,638,613,860,830,838,954,822,1096,1249,1287,1310,1515,1475,1529,1442,1421,1480,
441,469,468,415,413,465,528,597,645,638,613,860,830,838,954,822,1096,1249,1287,1310,1515,1475,1529,1442,1421,1480,
441,469,468,415,413,465,528,597,645,638,613,860,830,838,954,822,1096,1249,1287,1310,1515,1475,1529,1442,1421,1480,
441,469,468,415,413,465,528,597,645,638,613,860,830,838,954,822,1096,1249,1287,1310,1515,1475,1529,1442,1421,1480,
441,469,468,415,413,465,528,597,645,638,613,860,830,838,954,822,1096,1249,1287,1310,1515,1475,1529,1442,1421,1480,
441,469,468,415,413,465,528,597,645,638,613,860,830,838,954,822,1096,1249,1287,1310,1515,1475,1529,1442,1421,1480,
441,469,468,415,413,465,528,597,645,638,613,860,830,838,954,822,1096,1249,1287,1310,1515,1475,1529,1442,1421,1480,
441,469,468,415,413,465,528,597,645,638,613,860,830,838,954,822,1096,1249,1287,1310,1515,1475,1529,1442,1421,1480,
441,469,468,415,413,465,528,597,645,638,613,860,830,838,954,822,1096,1249,1287,1310,1515,1475,1529,1442,1421,1480,
441,469,468,415,413,465,528,597,645,638,613,860,830,838,954,822,1096,1249,1287,1310,1515,1475,1529,1442,1421,1480,
441,469,468,415,413,465,528,597,645,638,613,860,830,838,954,822,1096,1249,1287,1310,1515,1475,1529,1442,1421,1480,
