319,406,421,515,651,611,685,1452,1402,1390,1495,1386,1551,1585,1663,1629,1811,1988,2001,
319,406,421,515,651,611,685,1452,1402,1390,1495,1386,1551,1585,1663,1629,1811,1988,2001,
319,406,421,515,651,611,685,1452,1402,1390,1495,1386,1551,1585,1663,1629,1811,1988,2001,
319,406,421,515,651,611,685,1452,1402,1390,1495,1386,1551,1585,1663,1629,1811,1988,2001,
319,406,421,515,651,611,685,1452,1402,1390,1495,1386,1551,1585,1663,1629,1811,1988,2001,
319,406,421,515,651,611,685,1452,1402,1390,1495,1386,1551,1585,1663,1629,1811,1988,2001,
319,406,421,515,651,611,685,1452,1402,1390,1495,1386,1551,1585,1663,1629,1811,1988,2001,
319,406,421,515,651,611,685,1452,1402,1390,1495,1386,1551,1585,1663,1629,1811,1988,2001,
319,406,421,515,651,611,685,1452,1402,1390,1495,1386,1551,1585,1663,1629,1811,1988,2001,
319,406,421,515,651,611,685,1452,1402,1390,1495,1386,1551,1585,1663,1629,1811,1988,2001,
319,406,421,515,651,611,685,1452,1402,1390,1495,1386,1551,1585,1663,1629,1811,1988,2001,
319,406,421,515,651,611,685,1452,1402,1390,1495,1386,1551,1585,1663,1629,1811,1988,2001,
319,406,421,515,651,611,685,1452,1402,1390,1495,1386,1551,1585,1663,1629,1811,1988,2001,
319,406,421,515,651,611,685,1452,1402,1390,1495,1386,1551,1585,1663,1629,1811,1988,2001,
319,406,421,515,651,611,685,1452,1402,1390,1495,1386,1551,1585,1663,1629,1811,1988,2001,
319,406,421,515,651,611,685,1452,1402,1390,1495,1386,1551,1585,1663,1629,1811,1988,2001,
319,406,421,515,651,611,685,1452,1402,1390,1495,1386,1551,1585,1663,1629,1811,1988,2001,
319,406,421,515,651,611,685,1452,1402,1390,1495,1386,1551,1585,1663,1629,1811,1988,2001,
319,406,421,515,651,611,685,1452,1402,1390,1495,1386,1551,1585,1663,1629,1811,1988,2001,
319,406,421,515,651,611,685,1452,1402,1390,1495,1386,1551,1585,1663,1629,1811,1988,2001,
319,406,421,515,651,611,685,1452,1402,1390,1495,1386,1551,1585,1663,1629,1811,1988,2001,
319,406,421,515,651,611,685,1452,1402,1390,1495,1386,1551,1585,1663,1629,1811,1988,2001,
319,406,421,515,651,611,685,1452,1402,1390,1495,1386,1551,1585,1663,1629,1811,1988,2001,
319,406,421,515,651,611,685,1452,1402,1390,1495,1386,1551,1585,1663,1629,1811,1988,2001,
319,406,421,515,651,611,685,1452,1402,1390,1495,1386,1551,1585,1663,1629,1811,1988,2001,
319,406,421,515,651,611,685,1452,1402,1390,1495,1386,1551,1585,1663,1629,1811,1988,2001,
319,406,421,515,651,611,685,1452,1402,1390,1495,1386,1551,1585,1663,1629,1811,1988,2001,
319,406,421,515,651,611,685,1452,1402,1390,1495,1386,1551,1585,1663,1629,1811,1988,2001,
319,406,421,515,651,611,685,1452,1402,1390,1495,1386,1551,1585,1663,1629,1811,1988,2001,
319,406,421,515,651,611,685,1452,1402,1390,1495,1386,1551,1585,1663,1629,1811,1988,2001,
