30.0631,33.9775,37.7917,39.5403,41.2612,31.6198,40.1263,34.4757,30.7563,36.8017,36.9741,36.9389,36.7602,35.3518,37.7877,38.0731,40.158,36.9427,36.9249,
30.0631,33.9775,37.7917,39.5403,41.2612,31.6198,40.1263,34.4757,30.7563,36.8017,36.9741,36.9389,36.7602,35.3518,37.7877,38.0731,40.158,36.9427,36.9249,
30.0631,33.9775,37.7917,39.5403,41.2612,31.6198,40.1263,34.4757,30.7563,36.8017,36.9741,36.9389,36.7602,35.3518,37.7877,38.0731,40.158,36.9427,36.9249,
30.0631,33.9775,37.7917,39.5403,41.2612,31.6198,40.1263,34.4757,30.7563,36.8017,36.9741,36.9389,36.7602,35.3518,37.7877,38.0731,40.158,36.9427,36.9249,
30.0631,33.9775,37.7917,39.5403,41.2612,31.6198,40.1263,34.4757,30.7563,36.8017,36.9741,36.9389,36.7602,35.3518,37.7877,38.0731,40.158,36.9427,36.9249,
30.0631,33.9775,37.7917,39.5403,41.2612,31.6198,40.1263,34.4757,30.7563,36.8017,36.9741,36.9389,36.7602,35.3518,37.7877,38.0731,40.158,36.9427,36.9249,
30.0631,33.9775,37.7917,39.5403,41.2612,31.6198,40.1263,34.4757,30.7563,36.8017,36.9741,36.9389,36.7602,35.3518,37.7877,38.0731,40.158,36.9427,36.9249,
30.0631,33.9775,37.7917,39.5403,41.2612,31.6198,40.1263,34.4757,30.7563,36.8017,36.9741,36.9389,36.7602,35.3518,37.7877,38.0731,40.158,36.9427,36.9249,
30.0631,33.9775,37.7917,39.5403,41.2612,31.6198,40.1263,34.4757,30.7563,36.8017,36.9741,36.9389,36.7602,35.3518,37.7877,38.0731,40.158,36.9427,36.9249,
30.0631,33.9775,37.7917,39.5403,41.2612,31.6198,40.1263,34.4757,30.7563,36.8017,36.9741,36.9389,36.7602,35.3518,37.7877,38.0731,40.158,36.9427,36.9249,
30.0631,33.9775,37.7917,39.5403,41.2612,31.6198,40.1263,34.4757,30.7563,36.8017,36.9741,36.9389,36.7602,35.3518,37.7877,38.0731,40.158,36.9427,36.9249,
30.0631,33.9775,37.7917,39.5403,41.2612,31.6198,40.1263,34.4757,30.7563,36.8017,36.9741,36.9389,36.7602,35.3518,37.7877,38.0731,40.158,36.9427,36.9249,
30.0631,33.9775,37.7917,39.5403,41.2612,31.6198,40.1263,34.4757,30.7563,36.8017,36.9741,36.9389,36.7602,35.3518,37.7877,38.0731,40.158,36.9427,36.9249,
30.0631,33.9775,37.7917,39.5403,41.2612,31.6198,40.1263,34.4757,30.7563,36.8017,36.9741,36.9389,36.7602,35.3518,37.7877,38.0731,40.158,36.9427,36.9249,
30.0631,33.9775,37.7917,39.5403,41.2612,31.6198,40.1263,34.4757,30.7563,36.8017,36.9741,36.9389,36.7602,35.3518,37.7877,38.0731,40.158,36.9427,36.9249,
30.0631,33.9775,37.7917,39.5403,41.2612,31.6198,40.1263,34.4757,30.7563,36.8017,36.9741,36.9389,36.7602,35.3518,37.7877,38.0731,40.158,36.9427,36.9249,
30.0631,33.9775,37.7917,39.5403,41.2612,31.6198,40.1263,34.4757,30.7563,36.8017,36.9741,36.9389,36.7602,35.3518,37.7877,38.0731,40.158,36.9427,36.9249,
30.0631,33.9775,37.7917,39.5403,41.2612,31.6198,40.1263,34.4757,30.7563,36.8017,36.9741,36.9389,36.7602,35.3518,37.7877,38.0731,40.158,36.9427,36.9249,
30.0631,33.9775,37.7917,39.5403,41.2612,31.6198,40.1263,34.4757,30.7563,36.8017,36.9741,36.9389,36.7602,35.3518,37.7877,38.0731,40.158,36.9427,36.9249,
30.0631,33.9775,37.7917,39.5403,41.2612,31.6198,40.1263,34.4757,30.7563,36.8017,36.9741,36.9389,36.7602,35.3518,37.7877,38.0731,40.158,36.9427,36.9249,
30.0631,33.9775,37.7917,39.5403,41.2612,31.6198,40.1263,34.4757,30.7563,36.8017,36.9741,36.9389,36.7602,35.3518,37.7877,38.0731,40.158,36.9427,36.9249,
30.0631,33.9775,37.7917,39.5403,41.2612,31.6198,40.1263,34.4757,30.7563,36.8017,36.9741,36.9389,36.7602,35.3518,37.7877,38.0731,40.158,36.9427,36.9249,
30.0631,33.9775,37.7917,39.5403,41.2612,31.6198,40.1263,34.4757,30.7563,36.8017,36.9741,36.9389,36.7602,35.3518,37.7877,38.0731,40.158,36.9427,36.9249,
30.0631,33.9775,37.7917,39.5403,41.2612,31.6198,40.1263,34.4757,30.7563,36.8017,36.9741,36.9389,36.7602,35.3518,37.7877,38.0731,40.158,36.9427,36.9249,
30.0631,33.9775,37.7917,39.5403,41.2612,31.6198,40.1263,34.4757,30.7563,36.8017,36.9741,36.9389,36.7602,35.3518,37.7877,38.0731,40.158,36.9427,36.9249,
30.0631,33.9775,37.7917,39.5403,41.2612,31.6198,40.1263,34.4757,30.7563,36.8017,36.9741,36.9389,36.7602,35.3518,37.7877,38.0731,40.158,36.9427,36.9249,
30.0631,33.9775,37.7917,39.5403,41.2612,31.6198,40.1263,34.4757,30.7563,36.8017,36.9741,36.9389,36.7602,35.3518,37.7877,38.0731,40.158,36.9427,36.9249,
30.0631,33.9775,37.7917,39.5403,41.2612,31.6198,40.1263,34.4757,30.7563,36.8017,36.9741,36.9389,36.7602,35.3518,37.7877,38.0731,40.158,36.9427,36.9249,
30.0631,33.9775,37.7917,39.5403,41.2612,31.6198,40.1263,34.4757,30.7563,36.8017,36.9741,36.9389,36.7602,35.3518,37.7877,38.0731,40.158,36.9427,36.9249,
30.0631,33.9775,37.7917,39.5403,41.2612,31.6198,40.1263,34.4757,30.7563,36.8017,36.9741,36.9389,36.7602,35.3518,37.7877,38.0731,40.158,36.9427,36.9249,
