107,72,69,150,174,224,272,244,253,259,251,371,436,364,376,337,292,477,487,489,500,434,357,369,569,567,580,574,612,532,520,549,466,721,662,645,614,
97,97,91,204,458,579,556,719,776,741,698,673,615,757,672,724,717,711,702,758,768,766,768,731,624,692,874,774,754,
110,279,342,321,324,327,462,426,424,438,597,477,383,278,265,261,298,313,315,170,268,549,711,688,776,878,793,860,764,
163,84,245,266,231,281,462,476,490,575,511,540,540,532,527,483,491,654,591,520,476,605,549,634,622,553,489,508,452,463,442,452,357,426,390,389,172,138,
287,294,300,318,323,236,255,403,390,342,334,292,1212,1279,1205,1164,1114,1181,1199,1173,1218,1133,
112,123,76,140,194,362,372,417,382,378,288,311,392,315,303,249,323,300,276,272,382,384,509,378,394,383,391,391,427,530,542,528,475,456,443,482,448,402,461,624,644,674,
84,122,170,225,241,191,136,92,141,150,158,124,154,127,118,164,143,158,161,121,157,225,131,205,227,188,119,72,81,103,170,218,237,405,371,368,275,
107,431,384,377,439,423,465,887,863,779,731,735,891,859,937,1137,1222,1356,1390,1350,1237,1214,1277,1343,1265,1355,
163,203,101,139,179,168,136,111,172,169,109,133,166,174,181,220,201,230,471,466,475,494,500,741,723,719,704,749,768,782,764,624,643,688,741,673,689,
129,93,91,94,160,99,207,206,339,601,489,556,472,509,425,400,516,511,439,566,672,614,576,463,495,443,461,447,545,527,509,471,399,378,369,401,391,269,300,242,
569,521,573,575,769,744,717,740,682,762,783,656,675,639,652,663,649,695,620,567,584,572,358,423,624,574,451,478,500,559,520,367,331,325,325,
352,345,445,375,462,410,448,446,360,430,406,481,457,457,822,729,822,788,661,703,671,627,670,572,579,560,574,581,641,546,559,
113,231,187,211,178,409,559,484,432,440,471,468,527,490,547,670,740,722,453,454,466,419,473,486,480,543,489,489,445,601,614,497,343,341,359,282,279,402,388,386,
310,326,425,447,485,490,502,430,447,501,598,587,669,655,631,501,561,566,602,550,557,556,495,515,566,549,565,459,471,447,382,348,318,292,294,324,327,217,303,133,127,118,391,439,435,
128,143,162,264,242,328,265,394,439,422,349,332,347,519,531,513,484,386,400,454,432,460,446,465,557,443,543,518,439,587,541,
118,250,244,187,223,121,147,139,259,184,145,254,172,266,243,244,264,301,173,288,235,214,217,266,401,479,512,487,563,600,606,810,885,910,917,
105,97,116,171,213,454,436,344,318,546,567,557,525,558,395,494,452,462,364,654,656,665,642,476,476,482,432,447,481,550,592,612,743,737,569,554,526,521,498,445,468,460,472,598,583,592,547,
197,195,250,227,322,274,707,681,656,670,639,662,693,822,852,882,839,782,760,689,679,641,641,665,720,716,716,730,684,634,673,895,818,806,826,790,
201,170,215,175,178,121,145,82,98,206,194,236,239,336,313,328,386,545,477,572,576,495,515,612,473,629,601,554,509,540,453,516,
146,102,137,252,311,265,433,379,457,459,514,564,592,532,593,625,617,618,615,624,568,546,542,509,523,523,556,556,624,
80,285,309,319,500,539,594,575,601,532,583,551,555,545,613,797,796,810,922,920,869,882,860,1052,1053,993,
98,97,319,383,538,544,548,448,487,457,576,574,552,542,530,489,405,413,427,518,528,534,542,541,542,559,500,507,518,530,563,1024,953,944,977,
99,485,430,480,559,649,793,722,739,672,670,661,799,788,776,725,753,845,836,778,897,738,746,790,772,802,898,829,816,907,931,824,786,
112,115,173,98,87,284,245,320,266,264,223,157,181,105,223,244,225,421,591,561,526,624,564,591,584,511,491,
139,150,394,418,459,457,404,377,289,231,259,307,325,122,82,114,125,99,118,114,151,108,342,312,288,184,189,110,91,
230,201,179,511,446,451,626,616,585,553,535,484,463,488,626,712,468,544,591,649,
82,114,141,166,234,250,300,353,332,358,657,522,566,534,543,645,685,734,704,814,811,716,703,588,686,730,693,761,750,763,849,885,861,
74,267,261,366,358,421,500,447,453,436,476,383,407,426,331,195,101,140,186,192,211,179,209,212,173,149,167,180,235,234,192,190,132,477,613,565,
90,407,360,426,528,387,363,285,316,378,403,338,229,218,484,449,397,718,697,731,723,775,625,664,614,676,726,751,
315,231,362,355,592,549,591,563,387,438,423,359,369,528,454,440,386,500,426,384,427,433,315,397,424,415,431,399,394,442,
