26.3664,17.5493,15.4003,16.3008,18.5668,25.4629,18.5485,20.1798,21.1249,20.3297,22.4612,21.9516,24.6693,28.1097,29.0284,21.7791,22.6121,22.2087,21.0603,22.4525,19.7975,21.42,19.4067,19.328,26.882,18.7965,23.162,23.7481,18.7873,23.9662,22.5906,28.3398,29.6625,22.8556,25.3091,29.6822,23.2435,
23.4477,23.4391,21.2227,22.7442,14.2971,19.609,26.6876,22.0095,18.6667,19.976,24.2582,25.0974,18.9565,28.1457,26.2905,28.9503,23.1027,22.2316,15.065,25.2036,24.3395,27.8395,31.1012,27.4897,18.1896,18.1447,18.3038,26.8802,17.3862,
22.3903,27.2297,17.5337,20.9503,19.6733,27.7881,25.847,20.1204,22.1894,25.3064,21.7498,25.0335,24.9598,19.1702,24.378,19.8974,17.0239,20.609,16.9142,21.8364,24.5874,26.3246,25.3817,20.6872,22.3509,32.0915,16.7119,24.9861,24.9782,
17.5253,15.3849,24.1492,24.0632,21.1844,23.4367,22.0077,30.3942,24.3216,25.0866,18.7435,17.4891,19.5119,20.5939,20.5955,25.2885,19.5016,23.0508,20.9011,24.8208,19.9334,17.541,24.9639,30.9457,22.0154,23.4241,23.0928,17.7118,25.212,17.3746,18.6777,21.6382,17.4076,25.5354,18.3898,23.5393,27.8925,14.6622,
19.4833,19.3257,28.1858,18.8351,22.8686,19.7647,23.4337,20.8593,19.5336,19.1933,24.4546,21.8588,22.3541,27.2896,21.9004,20.7241,22.0388,26.8894,21.4233,30.5432,27.64,22.8126,
26.6128,22.1119,18.4136,27.2132,24.4688,23.7886,19.2704,25.5487,21.6988,20.297,19.9496,23.027,22.9856,26.3866,19.9231,21.2859,20.0207,17.3303,28.248,22.9803,30.1096,21.6247,17.7644,20.5352,24.5672,21.2138,27.6655,22.0841,26.7209,22.4893,22.5468,19.5957,24.6145,21.8817,27.409,26.0565,23.8234,26.7534,22.8711,22.3141,20.4377,18.7079,
18.7306,27.6946,17.6376,17.394,23.7603,26.353,25.3561,22.2844,16.4291,23.2046,21.7305,22.47,20.7952,23.4598,21.3024,27.8077,22.4023,23.7656,28.7178,22.893,32.7387,28.5267,19.9844,22.5021,25.4387,22.7953,24.957,17.1622,19.4607,19.3684,28.4823,23.0281,27.5633,20.7332,21.3945,23.544,27.3007,
26.0439,26.0482,27.9887,25.3983,23.7214,20.6965,24.5266,20.6368,20.8268,17.9465,23.6153,18.922,26.9023,20.1498,26.8309,21.1191,19.1776,25.3995,29.0964,21.7693,22.0427,22.0361,21.837,23.7494,23.057,22.0205,
18.6195,21.2479,22.1395,24.3384,26.1672,19.0424,22.0054,24.6657,23.6383,18.2852,19.0908,28.6989,30.0901,21.2275,23.1882,23.8597,24.5532,19.7583,23.3313,18.3056,16.8879,22.4564,30.5064,21.2393,32.1781,27.4192,16.4351,20.8272,21.895,21.4673,21.3003,21.5103,17.76,23.2215,23.2706,22.3638,21.109,
28.865,22.7678,20.5187,22.8618,25.1969,22.5832,24.4108,17.9987,26.185,17.1609,20.2284,22.6749,19.1499,27.8688,24.7497,24.174,28.5891,25.8912,23.9947,18.4764,16.1089,22.7631,25.0504,19.3464,24.098,28.9654,24.9383,18.9657,24.9176,25.832,21.7212,25.2564,22.612,19.3751,21.7938,24.1095,23.5936,26.7628,21.8901,20.3427,
26.559,20.3835,21.83,28.3318,25.8372,22.2843,24.832,27.8553,22.9311,22.2252,26.3405,23.8801,21.3156,27.0144,18.1579,23.6301,20.9571,23.1692,19.9207,14.9371,20.6657,23.1749,17.6653,25.3454,26.4744,23.5337,21.7964,22.0565,22.2022,28.5858,22.4855,21.347,20.7552,25.5157,22.5542,
18.9622,16.5796,21.7145,29.5736,23.8662,27.7813,23.8859,22.1137,25.6765,23.5982,20.9863,19.1495,23.7863,32.9368,22.4686,17.3648,20.9041,22.0464,23.3226,22.0774,21.598,25.4506,31.7936,24.1024,21.7262,20.3879,21.8334,25.2019,25.29,20.3982,29.7794,
27.461,23.9292,22.0253,23.5039,22.6431,27.6314,20.199,24.463,18.2841,24.4902,29.5324,22.6672,27.7118,23.2979,24.6761,22.7955,25.6652,26.5747,19.388,20.0524,30.6332,20.9006,23.0111,20.0857,27.1796,23.2143,23.1957,34.3798,20.3664,28.0743,26.451,20.2491,22.2477,21.3289,21.4428,20.1709,23.4725,20.4048,22.4761,33.3678,
22.0841,22.6896,27.6562,23.1453,27.372,28.1616,24.1085,18.381,23.453,21.7937,28.0748,22.9176,19.9871,17.9746,21.7385,21.7733,20.7078,23.3798,30.6294,27.5793,25.1896,22.9792,19.0036,19.7781,23.8483,18.6487,23.881,19.5671,22.3092,23.1007,21.8049,20.983,19.3907,24.1797,19.8012,23.7637,21.7495,27.2106,27.4873,26.1554,22.6754,26.5939,21.5584,26.949,18.5608,
27.9073,18.1848,26.6853,26.8317,18.2205,21.4799,24.681,23.4914,20.5077,19.459,19.1236,19.3,23.6791,18.8902,28.7204,20.813,21.789,23.7783,21.7451,20.5692,18.1677,21.8309,15.1661,25.3384,23.8112,19.6918,25.315,22.0275,22.6164,21.4761,27.7657,
20.7598,22.9988,27.086,24.9931,20.1163,15.6549,22.4621,20.3283,17.7366,18.5183,23.8757,19.9684,23.5815,16.6204,20.1625,17.3043,23.5148,25.595,19.3306,27.9768,25.4503,25.0898,24.4399,25.7414,22.9234,19.7765,29.7921,28.3453,29.997,23.109,24.4993,14.5173,24.814,18.5165,24.2461,
25.7831,21.3089,24.3659,22.6863,22.504,18.858,21.9257,28.9002,22.8306,27.5634,21.5024,18.1453,23.4209,22.2789,22.6756,21.9609,26.3821,24.8366,22.6532,19.8103,26.9472,26.0588,25.2513,19.8297,21.4851,21.2322,23.7384,22.5673,17.1713,23.565,23.2771,23.2926,27.4232,20.1376,23.7837,21.9369,22.375,22.8744,18.6077,20.8146,19.65,21.4448,22.9877,18.3067,23.5214,24.7974,22.0038,
26.0886,22.3861,25.7497,26.2797,18.9806,25.6008,28.0703,22.7378,16.7226,23.6588,22.0455,22.4577,24.4411,19.6003,24.0575,21.044,21.7374,18.2371,20.5822,21.1717,23.715,17.5063,25.0016,20.8685,21.8518,27.7883,19.6271,25.0503,21.0308,19.8684,22.2786,29.7798,25.1515,17.624,18.8012,21.7758,
27.0557,19.5094,26.9723,19.31,16.7195,23.6877,29.4342,19.8307,23.6468,23.266,26.7388,11.5941,25.9314,19.6135,25.358,22.3442,17.6333,17.4723,24.1796,23.4667,25.0517,14.9178,23.9498,18.6736,21.9717,22.8195,22.3557,23.1435,17.4998,21.4115,19.2892,28.3686,
23.0837,20.343,24.2062,24.9771,29.4716,22.559,19.3168,26.1006,21.092,19.3415,22.9437,22.5179,24.4058,23.1693,20.5069,19.1426,24.5662,21.4603,26.383,28.8879,20.0748,23.3676,25.0817,20.9509,26.1612,24.5446,25.1083,23.543,29.6399,
19.2657,22.5277,27.008,19.82,22.7734,24.9659,23.4847,19.6014,24.4953,19.9301,21.4719,25.6726,23.8481,21.0145,15.9347,21.1926,21.0321,16.1396,21.667,20.0702,22.8385,26.1512,21.3574,23.1754,24.893,16.5679,
23.9863,20.563,21.0233,20.0112,18.0648,24.5561,25.6667,27.3061,15.6596,24.6309,21.5356,18.6472,26.065,25.63,16.9875,20.0791,22.1734,19.9545,24.0083,21.2504,21.7588,20.0695,18.7007,26.4742,29.0673,22.6558,28.8046,22.4758,24.8258,21.5525,16.8184,23.5873,22.4014,14.2514,16.6574,
22.7532,22.608,26.7531,20.8946,27.1219,24.1178,21.5199,24.5675,28.165,19.1982,22.0873,22.6786,26.1078,27.0625,25.0377,23.3715,18.0889,26.737,23.0263,21.243,23.5713,21.0154,27.1346,19.9655,22.1812,20.8067,25.3809,20.5396,24.3845,28.5641,15.3899,28.4156,24.6499,
20.5826,22.6979,25.9804,12.9675,21.2835,20.9182,21.1746,23.762,22.6615,23.0469,21.857,18.082,22.3771,17.721,24.5276,24.2778,19.1113,23.9013,21.9326,27.4735,23.0472,19.9167,24.6008,23.0479,22.7182,28.4133,19.6665,
25.5189,26.4189,15.3772,20.1216,25.1794,20.4056,20.8532,17.7502,20.7471,22.4503,23.6049,26.8142,25.5754,23.6625,16.4703,28.071,25.1819,20.3228,26.5101,23.2108,18.8067,18.9787,28.1264,21.8216,20.9864,19.937,21.6532,17.405,16.2258,
25.0379,22.5554,19.972,23.6609,25.7362,21.406,21.843,20.8963,19.8109,20.7411,20.091,22.0161,19.0853,21.8089,32.2316,20.7673,22.0197,25.731,20.3888,25.4347,
19.9413,21.6086,20.5721,20.1768,31.0524,19.9631,20.805,22.8064,19.7816,20.1136,22.2853,22.6432,24.3829,18.7721,26.0323,36.285,22.171,26.4323,22.7965,23.2743,23.6112,23.5927,23.0372,20.1079,18.4019,22.1539,18.5177,26.7283,22.6542,23.6803,26.106,23.5365,25.4782,
18.1919,22.1745,25.6019,19.0626,21.2828,27.0639,26.6767,22.8817,34.7879,21.0681,21.3787,25.3598,20.3878,20.3583,25.5462,18.292,23.798,12.659,25.5565,23.9895,23.611,24.6111,26.7854,22.8353,20.5387,18.6536,22.5961,20.2276,15.07,19.4547,19.9514,17.5256,25.7008,17.4712,21.1194,21.4812,
21.7965,21.6907,13.8929,26.0163,22.0093,27.0732,22.5713,20.1751,18.7361,24.0717,27.5159,27.0495,24.0874,23.826,24.8609,18.2964,22.078,28.0569,24.106,18.9231,24.3694,22.3534,18.2028,22.0957,27.6334,25.6961,26.0041,13.8277,
23.6465,32.6064,21.8376,26.3898,27.4263,22.023,26.0146,22.838,14.4836,20.2498,24.0971,18.4298,20.0553,21.2882,25.3135,17.6197,27.2198,18.927,21.9894,23.3473,20.5628,21.5968,18.7045,21.5139,26.2295,22.2615,21.7727,20.4633,21.6417,19.3723,
