27.7945,41.078,37.2047,38.1947,43.8233,40.6741,34.7986,41.1023,35.0437,40.2808,35.3396,35.8994,37.0099,35.3778,35.818,39.5186,34.9677,37.3934,39.1054,36.5972,43.1636,38.6108,37.7544,36.2978,34.9307,40.9388,34.7954,35.3153,37.0764,34.9831,36.5096,40.6935,34.884,36.9188,40.0449,37.3241,39.7706,33.9844,36.256,37.7086,38.5747,38.0317,37.774,40.092,41.5585,37.6959,34.4312,33.5713,43.8506,37.5317,39.9408,38.9458,41.2843,36.9937,
36.1724,37.6114,42.8234,37.102,45.4784,37.3478,37.3973,38.6726,36.9483,38.6922,34.8957,42.9058,33.4879,36.3808,36.432,37.3048,41.3314,40.2207,34.321,35.3454,37.3835,34.4867,36.4062,41.5412,39.8477,37.4578,36.6313,37.4897,37.5,38.9485,35.6217,36.8352,36.4407,36.6566,37.9147,42.0686,36.0944,35.3227,39.4606,39.2064,37.6014,35.2018,37.3487,36.0534,34.4646,42.6697,37.8111,38.2048,41.4843,38.1962,35.7127,38.8569,37.056,38.2988,38.5271,32.7893,35.6482,39.0984,34.6898,33.0169,34.2834,39.5817,39.3874,
38.6384,36.7927,40.5808,36.7359,33.774,36.8209,36.7651,37.1673,39.113,35.4478,36.6655,36.8911,35.9364,36.727,37.5326,35.3857,40.2574,37.5361,34.0459,32.1101,36.486,40.1396,38.1102,34.2351,40.4991,34.3659,36.2287,43.0289,35.6356,36.365,37.7122,33.77,36.0765,34.2094,37.3621,38.8025,38.4126,35.1563,37.9666,37.3118,38.201,36.4972,33.537,39.5329,38.2877,36.2366,32.4934,36.12,36.481,39.3474,39.0818,40.0464,35.2851,33.3044,37.5879,35.3395,32.1867,37.1826,38.2762,35.2801,37.9777,36.6184,35.3482,40.6603,34.3618,35.884,35.9257,40.8454,36.9192,
34.4776,34.2658,44.6774,38.603,37.6789,37.66,37.8248,35.4528,33.7999,40.9044,34.64,39.9069,35.9195,36.5322,37.1421,40.4417,42.1263,34.3347,37.0707,31.6384,37.3191,36.6199,34.1545,33.1778,34.492,44.4781,37.6519,41.1592,32.0351,35.7027,32.9402,33.1916,37.0273,36.9322,39.9532,36.8409,32.0342,35.0618,41.8072,36.1331,37.0194,38.9174,34.2373,30.8557,33.7001,34.9896,37.8634,36.5403,34.8035,33.4513,34.4522,34.5325,38.9253,35.5869,41.6615,35.1282,39.0208,36.6819,34.0655,41.7098,37.1093,39.4855,40.1504,33.8776,38.4697,30.704,32.3142,33.0027,44.5895,40.5753,36.2608,39.1115,34.3082,40.3918,36.3422,37.4296,38.4426,38.1688,
40.0285,31.9971,40.2118,37.6027,42.2799,37.7877,35.5401,35.2694,37.3923,35.9286,33.7806,34.1955,37.6415,36.301,36.2351,40.8399,36.1223,39.6865,39.1089,35.6871,41.0886,39.0362,40.0051,33.5663,39.3972,39.2004,40.6228,35.1715,39.5169,38.1259,42.3983,40.3387,33.1832,38.5156,36.8306,32.5478,42.7301,36.4244,37.9525,38.8464,35.9985,37.9923,40.8878,37.381,42.0497,39.1401,38.2403,37.6512,41.0666,35.3436,40.525,
34.6848,37.2009,35.5094,37.2042,35.7709,38.3465,42.7831,37.3482,36.5095,34.4198,33.673,34.8173,35.7937,35.5297,37.1795,38.9332,34.1865,38.8267,33.607,36.4357,39.7463,40.5919,36.4033,34.614,33.9385,33.6586,35.3121,36.4991,31.8396,35.4434,37.638,34.8034,36.9961,37.0442,36.5689,38.3194,34.4655,38.7072,34.7146,39.6568,37.7519,32.7255,38.1947,38.1065,35.2677,38.3492,34.3801,35.9784,35.1876,37.2331,35.1431,37.5897,30.0253,32.7092,37.1233,39.2095,35.665,39.5765,36.7971,44.9829,33.6915,
30.959,34.7196,37.7729,35.4982,38.3643,39.2517,35.9138,38.1286,36.5632,38.8506,38.9984,36.5949,41.542,37.4065,35.1212,36.563,38.5148,41.1359,37.6575,31.2256,39.3999,40.271,37.9569,37.4551,38.6755,34.5175,35.4143,32.6828,32.9734,39.2608,37.5427,37.5035,40.0072,35.7122,36.9523,33.0587,38.289,40.6038,31.4678,34.2877,42.4627,37.7773,39.1234,38.0438,38.3617,39.0376,40.5866,35.3076,37.0002,36.7483,33.4341,35.8127,39.4849,38.57,37.8326,39.4985,37.7368,33.7449,35.4483,33.0131,
36.248,35.8264,37.4034,40.557,41.5169,35.9213,43.9502,33.4681,36.1544,35.9418,36.2042,32.4371,41.8407,39.8826,35.8565,35.9426,36.7519,33.6165,34.7177,37.8185,39.4822,35.6311,35.3928,34.9277,39.0608,37.6382,36.9804,37.7663,35.1443,37.3691,38.7329,39.369,38.594,40.1561,38.0849,42.3148,36.1246,36.1111,39.0852,36.0716,34.0437,38.0552,39.5982,39.3001,33.4011,37.5615,34.2326,41.3791,39.8397,32.4355,35.6503,34.036,41.6408,39.5331,
36.3183,38.3324,37.7271,38.8098,37.9836,40.114,39.1793,38.5691,35.711,36.1231,41.7843,38.2064,37.7296,36.6703,37.2402,37.2154,39.9713,30.8397,37.2461,36.8633,36.29,35.1844,39.1085,38.2988,37.2614,40.9371,40.3009,34.6873,37.3758,38.4003,35.75,38.054,37.0238,30.5659,35.8118,35.1952,39.859,39.0986,37.9814,37.646,36.4835,37.4636,35.7182,42.8416,37.8198,33.6342,37.8988,32.4819,33.7671,41.4569,42.2532,34.9793,40.4588,36.9861,38.6871,38.7718,36.7499,36.0743,38.1071,38.3011,36.6963,38.0893,38.0515,35.1297,38.7247,39.2368,
38.2219,35.3577,39.3998,32.9398,39.5059,36.7515,33.108,39.1087,33.5083,35.7807,42.4864,36.062,42.1402,36.7609,38.2069,37.6269,34.7533,36.5172,38.7797,36.7991,35.0015,37.3195,36.5189,35.3672,38.6527,34.349,35.7002,31.6193,39.3766,39.0784,32.735,36.4076,37.6786,35.4838,35.2869,40.3194,41.3217,41.3949,32.8321,36.082,40.5078,36.9775,39.148,37.2875,36.0361,39.8484,35.5577,35.9012,37.1538,34.9996,37.1348,39.1012,36.4554,35.5147,38.9773,35.9025,38.1375,38.2375,35.7819,37.8909,37.7907,36.0857,35.9675,37.5737,41.3639,
38.8534,36.1479,35.7963,38.3596,35.0849,36.6418,41.8997,39.1092,38.1268,39.1775,34.4301,40.7845,43.3307,34.7382,36.4784,34.6595,43.4512,36.5579,38.7193,33.5743,37.5773,38.2918,42.0658,33.4727,40.6229,32.1983,39.3031,37.2359,39.0388,38.3329,38.1296,35.0741,38.6683,31.7398,36.838,36.7079,38.0837,41.1503,38.2052,39.0059,36.7078,35.4651,35.1373,41.6048,32.9719,41.145,34.9888,34.6673,38.9779,38.5456,40.6824,33.5787,33.2894,37.1706,37.7648,38.5057,45.4266,41.6556,34.4927,36.679,34.8338,36.8096,37.299,38.1093,31.6332,41.4144,36.2873,31.7434,35.9574,37.6615,37.9346,33.8022,38.297,40.5861,
35.9159,36.5118,34.3674,39.1632,33.0239,42.4099,36.8984,39.0721,37.2654,35.2504,33.7819,37.513,34.578,39.4767,38.3444,35.7583,36.4317,35.7969,40.1335,38.1409,34.5776,37.8787,36.1205,32.9372,35.5983,34.9869,36.1287,36.9208,36.3564,39.7611,35.4882,39.1305,39.7898,36.5708,38.2505,35.5968,41.6502,40.163,39.2052,37.7877,36.2301,35.8334,34.7863,33.913,36.0528,40.4724,36.4923,38.7516,39.5824,34.7708,37.0531,35.0855,38.4422,37.7831,40.2281,38.1426,38.6243,31.1259,37.7953,35.7055,34.7557,32.1792,35.4249,31.9156,42.5368,33.6571,40.0596,40.4404,36.4929,35.7447,40.1982,33.4738,38.605,
32.0759,36.2411,35.1604,41.4571,35.6595,36.7586,36.183,37.0926,37.5494,38.9755,40.7126,38.5322,35.6158,41.671,35.7575,34.4209,38.2088,35.5393,36.809,35.3885,37.179,35.0218,37.9666,36.0814,42.0099,41.4524,35.1824,31.4499,38.1626,36.982,33.8831,35.4098,38.0998,42.0672,35.5081,34.4545,35.6898,37.9989,43.54,36.3147,36.0988,34.899,37.9443,39.64,37.0638,38.5799,36.0972,41.8995,39.7368,35.5931,37.7504,39.9857,38.2558,34.5472,38.1334,35.5962,30.3921,39.1794,36.2583,38.8338,32.0133,40.1813,38.6291,36.5928,
36.4724,33.3912,33.8899,34.7716,39.0062,35.7046,36.2956,37.2598,34.6218,32.8901,37.9902,36.5288,40.5856,40.1701,40.0146,43.761,33.3328,34.9837,36.74,33.031,34.4188,38.6859,34.5848,34.8447,38.1416,34.824,37.7651,35.4668,35.6319,36.0241,36.9978,38.0854,39.132,43.367,37.2975,39.2532,33.1171,37.0758,42.4067,37.8441,39.3216,30.7492,38.2693,34.8987,35.4852,39.4201,31.3602,34.6561,36.9913,38.3138,38.5122,40.363,35.7657,37.662,32.0257,39.4837,35.5935,33.5341,38.4749,34.2438,39.0103,33.3944,37.7395,38.2435,39.2573,38.4208,37.1012,36.6611,36.9979,36.4928,34.2182,
37.3662,34.6933,36.2693,39.4643,35.3571,36.1376,34.7533,38.5018,37.585,39.8078,38.7817,34.9187,38.303,42.3508,41.7925,35.0315,37.8313,33.8095,37.2932,37.8502,33.0394,35.7098,34.4957,35.8253,36.549,36.3743,36.7691,38.7281,40.6663,37.0269,35.3408,35.2815,32.2649,32.5494,34.3137,38.0162,35.3503,40.7118,37.0658,35.2949,36.685,37.1878,35.3185,40.9419,37.1866,35.3002,36.6428,32.062,35.7894,39.6287,37.4263,38.9821,39.5983,35.7631,36.422,38.6319,40.0363,40.6411,37.455,36.4662,
34.7827,37.4424,34.3998,39.536,38.0014,36.0921,38.2839,37.0374,38.4119,40.6099,40.6463,36.3192,38.5268,35.1337,36.9646,38.9754,36.1416,38.7805,29.3414,35.996,33.125,42.6222,36.9181,35.9216,36.8111,34.1962,37.4014,40.8004,36.4082,41.5686,35.5295,39.5438,38.5944,37.6504,39.5646,38.4832,32.0215,37.1693,41.0911,38.5654,37.2269,37.076,40.1101,37.0998,34.4504,36.0933,36.8181,38.9241,33.0841,37.6172,37.6072,38.0852,37.6671,32.953,36.0476,
33.6071,32.6613,36.0137,42.5796,35.6342,37.5312,36.1294,37.8062,38.6175,35.6429,39.6714,42.6132,42.1972,38.8958,40.3429,32.044,39.1444,38.6088,40.5421,37.1391,38.5482,39.5785,36.5306,32.7235,37.1973,33.8151,39.0553,37.6389,32.8154,38.0061,34.5097,36.5685,39.0271,31.7254,35.2719,38.1314,36.435,35.6973,37.1378,34.8678,40.6456,35.7019,33.0536,39.3892,37.6188,44.4976,42.5896,35.6496,40.2392,37.0959,33.9802,39.614,37.6614,36.1638,34.2994,40.7582,33.5004,37.9402,35.7503,37.2262,39.0393,31.5878,35.1303,39.927,42.4045,41.0711,
38.6975,34.3592,35.5971,37.1952,36.9709,37.0064,35.7851,31.9235,41.9072,38.5506,37.1213,38.8386,41.2787,38.2935,42.4231,35.5331,33.5821,33.8882,37.8966,39.431,37.9754,32.1934,40.3708,39.9048,31.4019,31.759,40.8428,39.6925,33.2289,41.1851,35.5449,40.5994,37.4918,38.0368,37.5998,39.7787,35.911,41.7021,35.9512,34.9112,41.3555,33.3632,36.8852,36.5577,32.898,39.7458,39.6163,38.9995,39.6027,40.0749,33.0724,38.0652,41.1322,33.5859,37.3292,33.4828,39.5151,34.9489,37.9349,39.0255,34.9839,
32.5229,34.7934,36.1988,36.84,38.6939,34.9573,38.6297,34.6319,39.2782,36.0029,36.5129,39.4495,37.6787,36.7389,34.0203,35.0183,35.8955,34.62,39.4877,34.0373,40.0588,39.5395,37.5062,38.4611,33.4125,35.567,39.5653,39.6623,31.4356,37.5732,40.2472,33.4877,36.4796,35.7992,40.4608,39.8191,41.2762,37.4095,36.72,28.3107,36.5424,41.3099,36.7801,32.1331,37.8664,39.0982,39.4858,36.0468,35.8221,39.3416,38.7904,37.1757,38.9652,38.7973,33.0714,40.0631,38.9716,35.7205,39.516,36.4944,33.3576,39.3064,40.3777,36.0521,35.2993,32.3849,
34.1203,41.5523,28.4774,35.6892,36.3561,31.5464,38.8419,38.9492,40.3883,37.2607,33.6311,40.2415,36.4563,31.5734,38.371,37.2994,37.1492,36.093,39.3812,33.872,43.7728,37.5694,37.882,31.6523,35.493,38.1755,33.6497,37.8285,35.2212,33.0739,37.129,33.8961,35.1858,34.1474,37.6307,37.4534,38.7993,37.4329,41.9366,34.7171,36.975,38.7609,33.8895,39.2889,37.8033,34.5437,36.3527,31.6666,39.6091,34.0745,34.7889,35.4106,38.6931,40.6454,37.0438,35.4774,37.6647,35.7281,36.9831,33.26,37.8982,36.6201,39.0276,37.0157,34.3907,
33.232,35.1609,34.0411,42.325,38.7074,35.4524,41.5951,38.3458,36.1741,37.8489,40.2338,35.3523,36.7278,35.8944,38.1158,36.1261,41.0972,37.9335,36.4113,40.8354,35.6612,32.6404,38.5787,34.6329,37.8461,38.6616,36.4466,37.5741,38.4341,37.2613,32.7531,38.9383,36.016,36.6436,37.074,38.1814,37.9441,37.21,39.2323,37.4029,36.8344,39.1169,37.9589,37.3156,29.1819,38.3148,35.3907,38.3085,38.2865,39.8609,34.8856,41.9725,41.7415,36.7457,35.7067,33.4624,36.7556,30.8552,36.1397,37.6768,
39.3393,39.0926,34.5754,34.6802,38.32,37.0615,38.5107,44.3661,37.4857,38.5079,38.3183,40.7441,40.1367,40.5746,31.6221,41.0258,37.2027,37.1021,35.4525,35.7945,39.2929,34.2491,39.7578,34.78,37.7404,34.389,43.38,36.603,39.364,38.7721,37.3527,37.1619,35.3649,36.1462,34.368,36.0175,33.8462,40.2631,39.4751,35.1371,35.5041,39.9999,36.9933,38.3944,35.1735,35.1803,32.0006,29.4653,40.686,39.2557,43.3578,39.5989,36.7638,37.2153,39.5129,37.0562,31.3053,38.9385,40.6893,
38.3291,36.0183,35.1207,41.0737,42.0734,38.776,38.4981,37.8617,39.51,40.2822,36.6804,33.4627,37.8139,39.6534,37.1665,33.3285,34.1391,34.941,39.0688,36.4131,35.3757,31.648,35.8592,40.0835,34.5582,39.3186,39.0207,39.5196,40.9005,36.7629,38.0541,31.3984,39.3736,37.6117,34.6569,41.4518,39.3909,36.5508,31.8304,33.174,36.6769,39.602,31.7174,37.9442,37.9375,34.3109,40.6701,34.4932,40.7104,34.0885,38.8779,35.5758,35.0734,38.1298,30.2114,38.999,38.5874,34.7579,33.9269,40.8062,36.8757,35.4079,34.8858,39.0224,35.8665,37.7221,34.5924,37.173,35.6953,38.5104,37.3108,39.8599,36.9298,35.2604,32.5437,
36.4359,36.1343,33.4377,35.7599,39.9192,35.0048,33.1893,40.51,33.6531,36.2694,36.2215,35.1477,37.8453,35.7426,38.3086,38.3302,38.136,31.4337,38.6216,37.0215,37.0671,35.5578,34.0954,33.8273,39.984,32.6681,35.685,35.1476,33.9952,41.1043,39.5666,35.2601,40.147,34.9945,34.4774,35.0883,37.9866,34.3892,36.8246,35.4822,34.5047,33.0264,34.8131,36.5414,36.0451,33.2301,40.2699,31.4233,38.0306,38.4713,32.4684,37.7565,36.9247,34.0751,37.8028,37.1043,35.7505,34.8487,33.7229,43.4064,33.7489,39.842,35.5922,41.3345,34.633,41.177,35.709,36.0875,
35.7096,36.7003,33.4564,38.932,42.895,36.3596,38.7448,36.505,34.7978,34.1591,37.9141,37.193,39.147,37.4109,36.8522,34.0555,30.2433,36.1762,39.2511,37.8572,37.6496,38.8577,33.986,35.0078,34.7536,36.4679,39.0446,31.6882,38.5952,37.5137,35.806,38.5497,41.3061,36.6482,37.4143,36.6386,39.6812,34.6833,35.3077,37.3218,39.8852,39.8318,36.5358,34.2083,30.8481,38.3022,39.3478,33.4358,39.7982,35.9144,32.9764,36.1593,32.5813,37.9733,36.9188,37.8936,33.0032,37.4804,33.5235,35.6361,35.2772,35.3729,
36.7577,38.6742,38.3925,37.2424,40.057,40.7814,41.6392,37.4523,36.9475,41.7463,32.2839,29.75,37.4306,36.39,39.1403,37.0478,37.8997,38.7458,34.4622,33.623,39.8682,28.7688,40.1655,35.5872,36.5547,34.2205,39.8518,32.482,37.0576,38.7826,35.5597,34.8344,35.3833,35.4913,33.1762,46.595,32.9511,38.9367,35.1038,42.9449,38.4484,37.6413,37.8356,35.0673,30.3935,37.2537,39.386,33.297,33.6299,36.797,35.2662,40.6533,35.3265,38.7817,41.589,34.0042,35.9509,37.9604,34.5752,34.0421,38.3438,33.6015,37.996,34.4477,35.6598,35.3503,39.0678,36.6012,34.8499,36.7755,40.4796,33.7642,40.6415,38.0734,33.9992,37.1273,40.477,
38.0145,36.9746,39.2095,41.6441,38.5553,36.6241,40.1883,37.0261,39.2678,35.6416,38.4367,37.6331,37.837,38.9182,33.6608,32.5642,31.5269,37.4967,42.8473,36.7065,37.7619,33.781,37.802,39.7552,35.8287,40.0508,37.5481,35.8903,38.7874,38.8799,39.5802,31.7199,36.6823,39.521,36.0971,36.7535,37.3616,37.3042,34.4761,38.1494,34.6962,36.4737,40.1142,29.7959,35.4565,42.0013,40.8252,34.8149,34.3812,40.3,32.5226,39.3821,39.8335,33.869,36.1143,33.7016,37.6008,40.7475,40.6667,
35.203,37.3802,35.2943,34.3464,38.706,39.2071,38.5112,41.5125,41.4609,40.9532,43.5183,32.9098,36.1779,39.8637,35.8732,36.3211,37.3124,36.5381,37.1076,38.6224,39.9438,35.0873,40.2613,36.4696,34.964,37.6426,35.861,36.776,33.4285,37.0514,34.0545,38.0882,32.6247,37.4026,38.8845,42.9489,32.2458,31.4199,37.2684,36.7465,34.82,42.1736,38.9877,34.9587,36.1187,40.3138,38.7713,39.5521,36.1771,37.9601,37.474,41.0557,37.7929,32.8338,38.3323,33.9548,39.0836,38.9223,39.7876,38.0886,
35.5521,33.7733,39.1892,39.5182,40.0728,31.6407,36.6659,38.3424,37.9187,37.093,42.961,39.6691,35.9036,38.7775,37.9872,33.4771,36.2721,37.4533,34.8717,34.5753,36.3001,33.9754,39.9835,35.1528,36.1314,36.3726,35.4789,37.2801,38.1242,34.0129,35.1835,36.045,32.2487,36.4207,37.7245,32.8413,36.8925,37.3056,35.7599,37.6615,35.2488,37.5123,38.2959,38.7568,36.5039,35.4628,35.6645,36.7478,34.046,40.4042,33.9868,36.0235,43.2318,38.9244,38.9234,31.6371,35.3878,39.6026,34.8782,35.8086,37.2436,41.9669,38.4819,39.7697,38.1318,31.4079,
38.8448,38.5947,37.0362,32.1296,40.3313,34.8547,38.3813,40.2387,39.3919,39.1497,41.9938,34.4819,33.5858,37.9515,39.1872,39.1278,34.955,34.6593,36.3363,38.8396,36.3088,36.5464,37.221,38.5535,35.9722,37.4058,38.1196,35.2046,41.0594,38.6236,34.8744,42.4544,39.5615,33.8838,37.0879,36.6612,34.197,33.7472,38.6392,32.5979,33.2893,37.1725,30.2301,39.9372,38.0678,37.3385,41.1859,41.646,35.068,38.0845,39.9824,38.2958,43.9162,33.3273,31.4008,38.3707,38.0972,39.3356,35.9638,34.5592,38.9854,41.2723,33.6744,39.3512,32.6181,37.4941,37.0261,35.5302,40.3313,37.7157,39.9313,33.1024,
