115,167,220,218,226,229,259,353,263,339,274,265,266,346,308,365,215,456,456,389,415,365,401,385,564,549,525,528,458,452,499,517,503,507,615,585,590,649,576,581,553,534,491,506,515,673,657,656,674,723,714,705,664,639,
147,153,178,186,275,265,503,493,504,581,553,519,528,574,606,584,609,571,562,555,607,788,714,795,720,816,782,725,733,689,675,762,862,787,776,800,783,836,894,895,899,866,846,837,839,857,813,845,829,855,763,835,783,779,728,778,793,858,933,866,873,852,787,
328,353,392,417,398,406,343,350,400,473,454,478,490,523,523,588,568,592,527,526,635,578,551,512,546,494,497,472,385,353,351,288,296,347,479,381,442,339,360,357,361,366,362,415,472,460,660,810,767,692,739,704,695,728,779,711,828,793,794,789,788,775,779,771,858,874,857,834,801,
164,181,264,248,208,248,214,214,203,179,178,339,283,271,282,342,490,510,468,524,546,545,454,490,441,557,580,581,543,561,532,535,598,640,600,559,540,575,616,642,719,678,650,538,511,536,515,521,609,568,607,620,635,620,592,571,543,529,493,566,462,460,466,450,483,537,505,434,492,463,408,364,294,315,333,311,317,176,
323,306,337,315,327,335,347,306,293,471,506,393,330,344,364,788,1072,1093,1184,1205,1286,1342,1242,1219,1218,1249,1250,1248,1249,1235,1211,1294,1308,1337,1278,1249,1260,1246,1212,1213,1176,1210,1186,1182,1193,1240,1233,1226,1306,1257,1284,
151,161,155,161,146,264,315,352,366,399,432,398,434,430,406,412,450,475,411,397,407,390,344,398,321,384,372,370,391,569,669,574,530,521,519,457,451,447,423,417,418,447,457,462,470,499,476,458,427,515,468,501,657,701,726,795,780,774,720,743,696,
126,159,195,237,204,200,196,251,261,177,190,202,190,152,155,202,173,258,226,215,246,214,232,230,189,176,211,169,196,202,185,247,221,173,188,214,235,312,209,200,267,235,237,271,256,192,205,150,157,171,142,146,204,247,283,310,364,356,426,370,
149,156,152,477,444,426,433,428,422,451,438,393,423,484,493,932,917,912,909,909,887,886,861,856,735,819,936,931,923,969,956,969,932,1042,1177,1193,1265,1332,1367,1372,1446,1412,1425,1353,1368,1378,1335,1398,1320,1318,1144,1236,1322,1342,
218,185,167,190,216,191,184,186,262,188,218,198,224,216,154,255,200,170,186,172,183,145,166,225,214,293,321,348,378,341,543,567,572,493,520,705,789,770,754,760,743,748,732,762,792,768,804,680,718,749,714,718,687,692,726,744,731,708,754,759,769,768,800,772,664,761,
156,144,173,137,165,196,164,186,171,191,184,316,278,246,272,264,229,590,555,543,539,526,531,490,549,524,498,513,529,523,481,501,534,506,532,499,559,561,550,732,747,536,482,496,445,509,494,578,576,543,571,548,545,469,482,476,510,541,470,389,399,504,407,382,340,
262,402,399,406,518,641,595,602,620,607,578,627,636,609,771,799,792,820,808,772,719,739,729,784,797,772,750,838,742,743,726,731,713,736,733,730,712,684,694,725,730,729,692,725,669,697,650,669,674,657,644,575,549,543,530,479,553,668,636,487,569,466,397,551,509,553,527,527,382,510,454,404,396,381,
194,204,195,204,164,233,224,194,192,159,246,346,353,370,362,362,378,427,398,444,444,547,446,411,472,501,494,459,394,384,448,457,467,444,388,468,529,503,528,834,757,763,725,711,706,728,821,793,746,731,736,723,734,745,752,765,777,776,728,725,645,642,667,651,715,662,654,671,590,588,608,575,559,
130,148,198,214,199,202,451,576,634,611,597,585,577,572,564,532,502,475,485,524,512,503,512,760,780,727,767,728,749,755,741,694,493,666,693,492,461,471,495,517,542,501,525,608,566,658,583,551,553,511,551,503,491,422,424,358,372,377,325,501,429,388,331,371,
358,356,437,473,501,483,508,514,495,490,574,563,553,516,506,514,569,556,710,661,662,628,559,640,596,623,630,624,636,635,557,575,538,550,560,562,508,573,591,581,597,535,591,532,600,563,541,511,418,417,376,353,318,295,255,237,147,250,339,409,424,423,434,426,470,433,424,451,453,453,489,
166,150,162,287,219,216,284,348,375,384,365,311,296,300,282,341,363,434,352,305,477,446,481,459,461,460,476,640,542,541,537,560,530,534,527,564,547,570,484,552,530,557,524,565,553,552,519,476,561,522,728,699,660,582,690,685,690,719,665,642,
153,174,209,242,244,275,268,258,203,198,224,185,193,190,219,223,206,193,255,248,219,255,293,282,230,280,248,234,229,266,281,290,313,292,591,588,438,515,524,511,497,559,591,578,535,729,747,943,883,914,857,858,943,883,901,
170,144,152,172,234,264,259,457,455,370,436,405,413,464,539,500,573,546,564,508,558,571,466,433,728,717,689,690,631,622,559,546,489,475,503,494,481,493,499,564,728,813,778,796,772,823,807,767,645,622,621,561,601,562,577,575,539,526,505,498,512,499,585,644,658,594,
157,251,245,218,265,610,720,643,714,701,651,664,722,710,682,636,658,654,649,639,674,641,796,960,891,937,922,918,914,888,895,885,844,790,748,754,739,758,732,766,786,658,750,710,706,717,729,707,729,733,688,706,765,730,738,747,1010,980,1030,861,852,
229,182,171,181,207,157,236,301,285,282,345,381,361,364,340,361,327,372,422,386,499,465,617,583,521,484,521,603,596,616,595,566,630,593,571,582,615,579,600,626,671,675,616,564,520,598,609,634,674,638,603,588,588,589,558,650,619,569,567,567,662,610,614,583,588,578,
145,169,123,178,305,268,345,371,362,344,304,315,298,288,278,544,485,458,451,394,397,397,491,459,440,494,425,601,578,563,582,567,616,583,639,644,672,651,626,656,640,656,664,691,668,658,570,625,582,549,538,535,500,549,578,531,711,656,701,652,657,658,715,813,864,
194,350,335,350,440,563,613,553,556,600,604,667,655,654,625,611,656,648,613,651,652,572,613,613,647,595,607,634,626,633,597,623,573,865,918,991,931,913,876,829,857,856,953,949,926,971,906,967,991,1012,1001,1062,1101,1103,1096,1071,1164,1119,1271,1279,
160,349,351,351,362,392,475,575,597,593,595,584,610,612,606,590,587,582,537,531,534,642,589,633,623,597,588,632,572,699,602,603,614,561,505,455,433,463,489,466,591,615,541,563,567,471,495,551,611,573,673,566,570,585,806,1050,1004,1008,1012,
514,482,431,469,438,447,429,528,560,549,579,602,592,614,594,644,647,667,702,829,822,815,883,801,748,761,767,905,796,827,861,765,876,777,792,792,786,782,942,942,935,947,946,966,950,879,972,920,961,866,897,884,713,844,809,835,848,803,786,852,841,763,794,906,923,919,888,900,897,905,955,939,949,871,869,
191,155,171,161,181,145,134,163,259,287,293,305,342,382,365,364,325,321,316,271,271,269,326,361,356,360,375,296,278,273,257,273,329,201,228,190,366,260,260,428,426,563,594,525,546,541,564,555,560,571,667,669,709,618,700,650,628,612,607,622,610,629,652,672,685,686,667,531,
449,419,464,447,448,414,418,397,444,458,468,478,474,490,461,415,405,292,422,318,297,184,151,152,141,158,165,135,157,155,146,241,214,242,228,249,217,173,276,289,377,440,428,397,341,373,368,339,357,363,363,333,349,371,364,310,259,269,214,237,148,155,
178,267,256,218,243,326,302,278,208,273,326,250,359,442,390,495,474,473,468,444,484,673,736,711,714,633,700,624,649,677,662,692,539,530,535,569,541,536,538,643,587,588,775,789,725,789,835,745,740,721,702,564,554,535,616,612,677,681,668,625,622,632,615,640,615,616,641,682,576,566,575,634,627,645,536,606,611,
166,287,250,245,264,321,419,451,476,468,454,304,311,307,301,314,375,393,795,752,645,645,673,610,560,596,537,536,550,554,551,548,551,558,729,696,811,844,897,828,784,765,731,732,679,727,742,793,788,774,767,785,818,782,793,769,882,879,890,
290,290,332,385,386,386,457,416,478,457,422,443,521,541,505,535,520,526,512,528,502,407,395,439,419,334,321,305,362,337,328,237,229,171,226,219,211,188,216,257,232,286,281,227,226,236,229,271,408,506,500,502,490,486,517,582,561,614,613,628,
145,373,382,327,319,315,330,409,500,474,466,522,454,415,408,372,395,421,451,547,561,424,445,352,357,355,365,363,355,350,445,257,223,448,452,446,447,435,435,421,637,691,742,786,782,791,688,652,652,662,704,705,801,749,741,737,747,732,718,736,810,781,784,785,775,754,
158,242,174,240,296,277,299,266,278,312,386,375,583,597,545,588,539,534,529,610,598,588,591,593,560,557,515,590,616,607,593,596,617,483,536,463,426,406,484,528,482,550,438,447,511,427,438,472,472,549,634,634,606,549,512,499,486,449,441,418,419,446,457,449,429,468,481,310,404,452,441,432,
