91,138,172,156,136,177,149,174,161,181,170,122,157,155,161,156,221,250,242,240,210,257,230,226,254,236,308,349,187,207,345,413,318,305,298,264,373,295,343,412,417,421,258,
111,111,110,139,128,110,197,191,175,130,148,155,80,139,119,76,147,201,180,201,141,84,113,191,215,195,156,119,325,264,232,187,241,330,
98,131,98,122,171,263,336,311,267,278,260,306,302,286,296,409,332,279,283,393,408,335,372,329,408,386,405,379,344,395,342,361,439,388,324,300,
100,121,238,224,238,208,242,233,282,320,262,240,169,178,154,156,153,153,110,94,187,170,146,141,132,134,111,156,123,176,160,171,161,169,224,
96,176,149,180,156,143,121,177,170,193,198,123,116,142,101,167,144,136,139,142,148,127,124,211,215,187,206,249,538,421,
80,154,176,145,163,143,199,174,228,287,330,352,310,356,353,409,381,389,340,342,310,298,319,378,424,365,327,287,292,310,247,225,243,217,164,131,121,98,214,218,146,162,158,146,106,
117,120,135,99,205,226,247,293,253,214,268,219,196,239,252,152,124,117,104,111,175,115,113,129,203,192,216,197,199,207,243,305,193,
94,118,104,112,105,267,241,235,157,227,225,237,243,256,228,141,161,224,178,270,236,273,179,220,316,238,256,267,238,344,337,225,246,194,271,217,217,217,
125,119,129,151,169,147,171,125,180,171,230,195,266,258,309,240,292,281,272,223,235,210,210,214,195,205,251,179,180,95,188,149,159,183,203,175,122,148,160,174,193,223,242,
172,94,236,163,208,80,183,177,221,190,164,233,193,210,286,178,211,128,208,171,190,176,210,166,225,189,178,322,284,141,191,210,
76,207,150,139,141,184,174,144,242,219,210,256,307,316,294,220,193,95,131,113,127,117,132,163,174,140,89,169,146,184,97,126,199,185,147,134,131,148,157,164,
107,142,132,111,184,155,153,139,111,209,184,185,180,224,206,153,144,173,208,159,157,161,140,236,186,219,138,133,162,151,280,342,237,243,300,286,364,292,267,
101,131,176,206,189,154,164,146,107,109,117,90,107,160,145,132,171,95,99,184,244,233,161,224,206,208,222,259,362,209,192,223,271,236,258,162,210,210,
91,134,237,257,260,214,225,223,299,236,200,270,196,206,194,229,227,235,240,186,175,183,154,121,154,91,135,239,241,235,225,
93,164,196,177,223,181,191,185,202,221,248,272,183,117,158,221,227,216,168,205,129,183,166,194,180,189,166,203,226,170,165,152,149,138,166,208,245,158,152,242,
91,139,140,113,132,102,128,110,120,93,113,136,121,128,152,108,135,194,127,153,158,181,251,234,250,214,213,188,213,187,206,248,221,218,254,266,236,222,177,317,232,232,217,241,
170,224,153,215,172,154,170,163,136,92,211,197,142,168,168,172,111,104,161,125,112,171,147,114,140,126,138,144,170,131,125,234,157,153,220,173,158,145,136,118,
115,95,94,148,180,278,153,185,248,279,169,181,193,304,181,241,185,318,213,262,168,161,206,198,160,277,222,203,196,192,208,172,166,173,136,226,195,171,136,190,200,180,
131,132,143,116,176,155,203,150,231,237,182,158,190,145,103,146,178,148,74,95,172,177,123,86,145,231,201,179,187,
94,95,80,216,174,227,427,375,376,420,446,376,446,333,453,477,512,403,501,517,481,514,475,567,528,541,588,555,553,476,518,588,
103,113,117,133,131,112,126,117,137,135,69,109,139,103,126,116,152,87,193,200,218,322,316,
132,137,180,209,304,249,241,214,375,285,353,316,229,285,292,220,272,186,205,264,273,284,291,176,239,248,252,223,172,228,165,
86,219,145,236,158,100,128,85,148,158,118,139,140,132,208,145,207,130,84,106,121,99,197,224,178,312,244,247,189,216,227,318,303,310,348,356,300,239,
86,99,208,167,214,204,158,181,179,218,127,88,247,188,191,165,160,123,123,179,154,125,145,162,122,135,211,178,164,165,236,167,129,146,163,210,
99,134,139,150,158,103,89,127,114,121,95,84,292,305,361,358,290,408,655,620,516,415,633,740,597,697,589,640,745,667,662,672,744,756,770,
89,98,99,107,133,131,137,112,131,142,121,156,121,136,117,219,157,205,102,204,171,262,213,183,181,241,174,178,208,162,147,124,134,115,
126,122,113,137,151,108,145,138,125,116,95,116,116,122,175,178,179,198,163,177,175,137,133,118,115,144,128,158,146,152,169,109,
101,146,189,206,174,216,315,315,299,188,225,222,153,155,154,200,166,184,154,175,134,115,103,119,181,105,109,134,94,106,93,116,129,106,101,139,123,133,125,172,174,196,
96,95,190,130,138,158,193,224,224,133,162,124,129,95,109,103,140,182,155,212,193,203,166,150,90,
86,120,163,157,143,123,110,176,165,143,133,191,201,246,255,276,197,204,220,240,187,294,269,169,222,208,246,234,324,468,417,431,416,463,449,382,439,520,474,406,348,365,
