21.9828,26.5216,25.4817,29.7398,21.5442,19.9035,21.4143,21.3847,26.5382,21.3378,22.7472,26.4806,25.6397,17.365,21.1741,15.412,27.3768,25.6019,25.5313,20.5565,16.0594,21.7009,27.1306,21.4001,21.1974,21.1996,25.7087,24.915,19.2036,24.1405,22.258,18.0922,27.3628,20.9148,28.5098,27.382,20.5226,22.9993,21.6499,30.6164,18.1853,23.5525,21.1674,
21.8249,20.4767,20.7606,20.2469,25.5038,27.0873,31.5609,24.5032,30.5038,21.4316,22.1459,28.4587,19.1434,19.0877,23.6367,18.3756,15.9664,19.6819,17.6665,24.7834,26.8645,20.0577,24.0026,16.2541,30.6743,25.7677,19.6838,21.7585,20.7889,22.9296,22.5479,21.5113,23.7484,25.5905,
24.0269,25.0698,22.0907,26.0049,19.1657,13.6864,21.655,24.5082,22.8942,24.3348,18.4443,21.5904,18.4705,26.0881,30.0845,29.289,20.705,21.8572,17.5638,26.9064,22.1309,30.6594,27.9075,21.4657,30.5348,22.5067,27.151,26.8021,23.4514,21.2515,22.5201,21.3445,19.8391,27.2594,20.5541,22.9308,
24.4191,26.3514,24.4612,22.0752,21.3886,20.7901,21.2616,18.7824,15.5313,24.6746,21.2032,22.8765,22.3342,26.9552,19.4406,23.5085,18.9451,17.676,21.3003,22.7022,26.9486,24.6644,27.9642,25.4198,19.8304,23.3382,20.4427,18.9121,18.3969,22.5577,11.4863,25.2947,19.7081,19.6561,18.9107,
23.5775,24.0838,23.2045,28.7891,15.8076,25.313,19.9635,27.5838,25.4125,26.398,23.2525,19.7882,20.8217,21.1126,22.2602,23.0355,23.6484,23.9365,17.5932,25.693,19.3419,19.2906,18.4328,17.4352,23.652,25.7854,15.5871,23.6601,25.9371,22.6159,
19.3035,18.9672,16.9073,23.9851,24.9477,24.6807,25.8251,20.1906,23.0425,21.4655,21.6509,17.2583,25.3502,18.5027,25.9631,17.9845,23.0014,25.5824,18.6438,18.893,23.9304,20.8256,19.8655,26.3721,18.0737,33.1154,25.9101,24.4037,24.5491,17.2103,16.759,21.9935,26.7066,21.8274,20.5861,19.534,26.6768,20.4263,29.3332,22.6426,21.0565,27.5894,25.961,18.4124,23.9158,
28.6479,23.7968,25.1265,23.9146,19.2915,24.7517,26.0391,21.7881,15.4798,27.6523,27.4871,23.2607,20.3497,20.6876,32.286,20.1855,21.0133,28.5514,22.7662,19.044,20.874,16.0553,19.2925,23.2911,24.7633,22.2601,25.2382,18.9455,26.8525,16.1941,22.716,26.1727,16.8078,
19.7996,22.5562,25.3893,19.7065,19.2107,17.949,24.0545,18.981,18.8183,25.3109,23.7053,25.7933,18.4937,23.2237,22.5192,20.5439,21.5565,26.1108,21.8779,21.4313,28.789,24.9439,18.3485,21.3297,23.1627,19.709,16.4706,22.2236,20.6019,23.6506,27.1161,23.5997,23.7864,24.9088,21.5166,22.6659,22.9994,17.1094,
27.9361,28.002,20.8452,22.4455,27.4071,23.286,20.9835,20.6713,24.8878,23.9577,28.4902,24.5855,22.5772,23.2164,18.3403,20.0446,22.4128,22.7153,19.5875,20.2268,24.3571,20.6857,17.7515,24.7617,22.4691,26.4991,20.4142,20.7776,24.3975,19.3127,26.5338,25.4337,24.8077,22.9623,23.3165,27.6267,16.8864,23.9813,22.882,27.2673,19.6367,21.7867,22.2294,
22.7245,20.7141,29.1564,22.7577,18.6461,19.0164,18.768,25.4653,25.661,27.5863,26.7922,20.7587,25.5185,25.7597,25.9711,21.6223,19.4695,16.4707,26.8915,22.0341,26.6204,27.12,25.3164,13.7053,21.5903,23.8227,21.6955,22.3146,26.2965,20.1416,21.3842,26.1935,
18.2065,31.1094,22.32,19.0625,24.9735,16.5583,23.7558,22.731,21.7965,20.5816,30.8767,26.6929,22.6188,23.0058,19.2894,25.9784,23.8577,13.32,22.1129,26.5642,23.0584,18.6275,24.7784,24.1549,25.5866,22.6317,19.2239,23.7474,22.3778,20.7342,19.9005,18.8535,23.418,26.7216,17.7927,23.102,19.9926,26.3957,22.7329,31.6205,
26.1098,25.7126,17.8736,18.7453,29.8715,19.7787,21.1022,18.6339,22.3334,23.5764,20.7036,23.7356,22.9721,24.4656,23.1344,22.4981,21.51,25.0504,25.7705,18.1053,18.63,23.5556,24.0055,29.7761,29.9361,22.1107,26.8541,21.8816,26.9394,22.4429,24.4647,19.9905,23.257,25.6143,17.9236,25.1338,22.0825,21.5235,22.2957,
24.6536,22.4678,24.5889,23.4689,24.3279,26.0086,20.5899,21.2724,19.9746,21.5572,22.4466,16.8825,22.4647,26.1139,23.2417,21.176,19.4358,14.3995,22.5854,25.0582,18.948,24.6145,13.4805,20.4029,25.953,21.2582,19.6566,20.4742,23.9878,23.89,23.1552,23.1873,30.0493,25.0689,20.9044,23.3807,14.4255,22.3318,
22.1246,21.5267,22.5472,23.7936,19.7648,26.9236,24.5596,29.4228,25.318,22.7983,28.0541,24.6486,23.7787,17.972,25.0325,23.8366,18.5256,17.6106,21.12,25.9404,23.0895,23.9613,25.1771,23.5313,24.0315,22.1718,23.452,22.3982,22.5496,26.6489,25.5364,
22.5872,20.7848,24.9028,17.7151,23.6048,24.1163,23.3227,22.2089,23.4732,23.9265,21.8288,26.8333,18.6707,24.5461,19.0775,25.4141,30.4783,22.0693,18.5124,22.7245,22.7773,17.8505,21.0622,25.5148,25.003,25.8924,24.834,22.8567,24.2344,24.6667,22.2969,21.0195,24.1258,18.8245,24.8118,23.588,24.8889,26.4339,24.1933,22.2682,
22.0839,25.1942,29.8576,26.3413,23.3992,24.4232,25.55,25.0307,23.6338,20.4738,23.5738,24.9682,22.5045,24.535,27.8779,20.1578,19.8744,21.5615,22.1596,29.5131,21.0036,24.3854,25.4634,21.5954,29.7795,11.2024,28.7468,24.2801,26.4001,22.43,20.2169,29.7059,23.7207,24.113,24.9037,18.2922,24.5497,24.5241,24.2932,23.1222,21.5336,22.2576,24.269,20.9363,
23.1964,23.19,20.8255,20.8657,25.7347,14.4563,20.5514,22.6063,23.6171,16.6448,21.8665,24.2688,16.6997,23.5561,22.9322,20.003,17.8368,21.739,19.6662,28.4909,14.7946,26.0521,26.0796,22.7825,19.7929,24.178,20.5649,18.0287,22.9134,27.0668,27.3525,31.1865,23.8234,26.653,17.9115,31.2395,21.7216,15.6063,19.893,16.8855,
22.248,20.6058,18.7883,29.0067,22.5711,25.1777,19.9083,19.6459,35.4031,22.495,25.4465,28.5166,22.7837,23.6497,21.8582,23.086,20.7607,24.3883,21.4487,19.5523,21.1838,17.2963,18.2171,22.1146,21.3039,23.1933,19.7627,32.2461,23.4548,16.7539,19.8291,19.0708,24.3624,30.4259,15.9832,18.6581,22.3476,25.4038,22.7265,23.5146,20.2797,21.4649,
21.2791,25.947,27.3576,24.756,21.0581,22.3913,27.7803,20.1906,18.4131,29.1352,27.9165,21.701,19.0379,18.1295,21.5886,23.064,24.9846,22.5966,18.0912,23.2416,22.842,25.1767,21.1033,19.8547,21.9593,28.529,19.2338,18.7349,28.131,
22.8723,18.1272,19.5904,22.0373,14.8903,16.6958,25.9022,22.5468,21.0595,18.9722,21.495,16.2521,23.5089,21.84,24.8427,30.7771,19.855,26.843,21.2298,23.4521,22.2341,22.5277,25.2654,18.0129,20.7943,19.4645,23.9544,26.4373,22.4916,21.6263,28.0314,21.222,
25.245,19.9387,28.6398,19.7852,25.3093,22.0917,21.9871,24.6333,22.6731,29.1846,16.8829,18.8306,24.9361,19.8259,21.1983,27.933,19.9207,14.2094,23.4881,25.739,19.953,22.0318,27.6915,
20.1099,27.1483,26.7228,24.6264,23.5676,26.6133,22.005,19.3374,24.5708,25.3514,20.7523,28.1739,19.1924,22.8007,22.5848,26.8601,20.6964,22.0072,19.614,21.52,22.731,22.3966,23.1359,25.7551,24.1581,24.6024,22.4962,18.9408,25.3349,26.1458,23.1353,
20.8943,23.6591,23.9129,24.3409,18.3276,22.2598,23.9193,20.7277,21.2813,22.5347,18.1637,22.0328,18.7188,26.9477,29.9863,24.8723,29.1365,24.521,16.0657,21.3983,27.3711,13.2992,26.0144,26.0775,27.2444,23.0566,19.2963,23.6315,23.9894,25.3473,21.9807,25.9123,20.2697,28.8088,27.2839,23.0663,21.0746,21.4856,
21.2142,22.3209,23.1767,27.4665,30.5002,26.7218,19.538,23.8783,21.7072,26.0635,22.2397,20.7622,28.3076,23.143,21.278,28.7273,21.1757,22.7389,22.1409,21.3745,24.7437,26.3421,24.3049,30.2163,23.5087,23.8386,25.7295,24.1042,15.3218,20.6488,29.5472,27.1832,17.3345,25.0635,23.7987,26.0723,
24.5659,21.7354,24.4652,23.9613,22.1106,25.0772,21.6443,26.268,18.9839,18.7383,23.2317,18.3942,22.3116,22.2426,17.7902,20.0558,22.5683,23.8219,23.3452,16.4288,23.051,23.9176,24.6677,23.871,15.1559,17.0343,23.2016,21.9546,26.7972,23.7635,19.3059,28.9592,24.2392,23.5468,20.26,
21.677,23.8057,24.1757,21.4681,29.6967,17.0878,25.3448,19.7062,20.8429,21.7981,24.1948,16.7968,21.617,24.4213,20.7908,23.7444,15.9445,25.2468,20.7101,22.9719,26.6726,20.0207,21.1616,18.5193,19.0707,20.6499,24.0866,25.1453,22.104,29.1427,15.4101,20.021,21.587,20.6861,
27.009,24.2607,23.1927,24.0721,26.0021,21.8002,18.5983,27.988,23.0941,22.9111,20.9918,24.2009,27.2184,26.2026,23.2648,20.7581,26.385,29.1617,19.5801,15.9133,26.6922,23.0955,24.6133,20.444,14.1107,25.0334,25.93,23.6013,25.8231,26.8682,23.0647,22.5704,
24.5991,21.4081,22.9338,22.8927,26.4196,23.2787,28.8031,17.6332,19.078,19.0106,26.7163,20.2324,22.3196,20.8366,24.0717,28.5279,19.8289,20.6619,21.4988,22.3518,19.9295,24.1433,20.1144,22.7388,28.5381,22.7422,26.7755,26.6631,23.0438,24.0048,22.5505,24.4756,23.6531,21.8486,24.5892,25.6152,20.8121,22.9253,24.333,27.4446,21.7538,22.2063,
23.6828,19.0824,24.2005,20.793,19.1043,21.575,29.3542,21.937,22.5719,24.6154,19.0732,22.2366,23.2898,21.0281,26.8102,20.4543,23.7928,25.3826,20.029,29.7056,18.8662,28.4236,27.1877,28.6532,19.7244,
20.5111,23.7445,21.8443,21.9163,23.8046,17.5622,21.1813,21.8501,21.6117,24.2327,21.4004,21.409,20.3173,22.4154,21.7267,24.6365,18.9907,15.5879,22.6817,22.9503,22.2927,27.5547,21.6484,17.6523,27.568,18.8394,17.637,20.5523,18.8598,23.9003,27.0049,23.3401,18.3356,23.142,26.7272,22.775,20.6142,24.7058,20.8889,19.9103,21.4557,26.6557,
