230,171,168,187,251,239,242,222,267,277,224,210,160,218,221,249,310,269,220,297,169,237,249,230,254,265,274,239,294,301,307,327,309,320,334,289,380,343,378,363,402,458,428,367,436,383,385,363,351,441,411,420,409,433,370,430,475,485,465,380,465,460,450,439,470,523,538,510,512,511,500,416,485,636,607,613,611,621,612,413,
151,131,171,160,164,161,188,218,172,155,180,186,188,227,162,174,183,224,188,219,210,209,266,169,167,178,170,208,135,167,197,191,191,239,261,246,252,253,279,227,289,224,171,148,205,210,186,188,186,312,316,317,325,346,341,342,347,332,360,374,382,335,346,370,448,450,444,315,486,394,
159,131,176,292,275,286,289,276,317,292,374,372,396,440,451,450,464,503,509,412,454,458,471,447,453,449,567,530,477,480,457,482,472,509,441,454,469,429,412,421,493,520,542,514,521,505,486,523,483,565,557,552,565,625,623,599,573,571,630,616,604,613,654,655,580,548,517,590,549,637,590,602,547,545,646,626,609,554,501,582,512,511,
159,135,132,180,242,272,249,276,231,293,326,392,414,338,396,372,401,354,399,378,406,347,381,355,398,439,455,426,401,420,419,344,420,353,380,374,395,363,344,434,380,252,226,256,271,236,184,212,178,198,157,171,185,195,233,232,197,177,209,215,180,199,167,168,165,195,217,211,224,180,161,187,231,276,303,280,305,289,
177,172,235,172,162,145,155,209,181,195,217,266,254,262,228,235,259,192,190,211,170,212,187,226,254,238,262,270,257,229,209,256,214,244,304,229,213,238,237,221,185,223,326,238,278,250,241,309,374,314,261,263,269,349,357,402,405,378,367,604,567,581,570,634,603,612,593,539,598,481,495,495,486,508,517,558,580,581,592,599,599,613,
160,192,188,249,193,215,237,200,252,248,288,324,272,323,284,289,367,357,365,434,454,447,525,476,500,446,472,508,476,484,490,600,589,600,641,617,634,611,546,564,561,628,562,662,633,616,614,562,566,554,589,573,581,416,611,413,412,501,502,410,376,285,206,186,195,158,167,174,145,162,206,187,224,248,221,194,215,237,305,
152,156,186,262,305,296,275,278,257,341,376,380,358,374,429,371,415,409,392,352,396,355,390,440,442,309,397,300,266,243,291,260,262,191,188,173,231,220,220,216,235,272,294,283,238,207,226,248,247,255,262,279,242,352,289,266,390,420,371,459,469,462,465,508,476,600,
136,149,159,163,172,156,162,321,332,298,264,251,252,257,268,289,336,347,426,428,329,373,399,327,347,382,300,319,281,338,327,347,369,350,348,262,213,228,351,333,305,243,267,257,270,271,268,354,404,480,393,355,366,370,379,420,390,364,378,484,447,452,435,387,429,331,434,422,401,490,489,468,451,405,413,335,327,371,314,414,351,446,470,340,
145,155,158,249,175,198,235,239,210,207,204,215,181,228,205,227,278,274,284,367,384,405,390,402,413,399,400,385,395,401,399,434,452,473,427,344,319,283,290,373,359,417,256,269,240,258,320,289,198,275,240,313,266,320,298,236,262,172,209,180,189,192,238,200,205,237,212,227,216,204,257,268,249,222,260,
167,205,198,170,217,184,189,159,206,216,220,224,222,231,221,223,236,171,203,186,209,227,230,213,222,261,303,287,333,297,291,287,243,307,318,270,372,328,312,238,308,298,253,258,264,265,272,290,351,319,263,224,287,265,274,342,311,315,295,288,316,359,326,306,231,284,301,307,289,305,356,388,251,262,209,262,333,322,332,324,273,315,302,353,361,
167,176,194,269,244,207,244,183,211,226,243,183,206,189,277,267,198,222,207,215,273,306,317,290,349,303,331,287,337,332,410,425,429,381,356,370,334,399,410,389,376,384,377,331,336,346,352,353,329,366,300,308,249,202,214,210,153,167,157,164,183,160,191,196,191,228,162,175,160,225,193,255,251,225,196,205,258,256,253,242,264,198,
122,214,243,220,201,198,283,270,265,275,242,248,201,263,235,221,256,239,229,259,277,271,238,246,278,270,227,285,298,279,282,269,278,293,301,315,300,272,203,190,206,249,237,199,248,238,231,243,253,250,244,170,164,249,183,231,284,290,295,298,325,342,322,321,320,252,360,408,365,400,350,469,474,469,505,433,443,413,411,391,428,442,480,
140,180,158,186,187,209,167,219,177,202,199,192,203,224,177,224,207,215,202,199,182,174,152,146,159,172,190,232,225,191,243,254,260,213,228,262,167,240,228,231,200,249,242,218,206,306,209,149,167,209,153,234,240,236,243,311,282,376,404,398,409,232,387,265,333,303,377,383,321,301,388,293,359,377,
152,169,143,154,155,167,223,268,262,287,267,289,316,302,308,373,381,364,341,405,298,321,327,324,345,246,298,271,284,327,284,280,324,296,318,351,420,468,472,433,404,420,395,395,402,340,374,395,371,364,368,314,257,423,219,226,216,169,207,189,202,186,174,200,176,171,184,245,216,181,205,226,189,166,217,211,208,203,244,285,376,297,260,
172,156,229,213,189,274,253,233,203,203,251,223,247,181,190,166,208,194,180,179,241,283,291,263,244,244,314,309,342,263,268,265,252,273,363,336,222,211,155,158,185,161,287,267,264,261,208,224,274,305,311,276,276,257,289,239,194,289,335,281,235,199,208,225,232,265,257,220,259,168,200,192,235,274,270,269,256,241,326,321,243,216,249,
193,181,160,190,166,145,171,143,162,183,155,158,178,152,151,201,175,200,201,222,227,195,175,172,174,247,225,205,292,302,276,238,254,250,247,234,330,285,254,234,278,286,258,247,236,261,313,294,252,255,304,390,390,383,351,364,363,331,339,345,350,370,381,374,404,365,470,493,528,412,352,368,388,389,
218,230,256,258,306,261,286,282,262,274,254,199,253,250,276,239,225,222,229,235,227,297,259,241,235,205,205,254,262,251,288,298,285,201,277,216,206,231,235,220,196,179,169,190,209,184,181,170,188,174,178,189,189,196,258,197,193,205,187,200,194,176,197,184,182,179,186,201,176,261,223,186,195,205,277,240,258,197,
180,183,175,211,209,263,253,263,247,217,231,246,302,298,263,206,274,264,258,300,225,285,277,279,288,244,279,331,372,365,383,318,334,346,371,367,354,349,310,382,389,395,389,432,318,275,285,306,293,287,245,284,373,374,300,285,293,310,216,336,297,300,302,320,378,327,225,238,270,273,232,312,288,236,238,251,240,210,332,200,231,178,280,226,
150,159,163,234,208,222,210,169,245,171,214,215,210,230,265,246,247,233,260,256,230,220,233,217,231,209,225,212,265,265,299,262,237,227,215,225,246,232,245,224,179,228,181,177,160,197,229,219,286,239,262,225,238,232,258,228,273,238,286,236,232,163,204,182,196,188,182,211,154,169,161,214,175,190,210,246,
297,263,290,267,353,359,359,365,448,491,467,544,529,561,563,580,596,580,568,515,504,465,558,555,527,536,576,581,627,581,632,674,665,689,619,712,662,657,756,661,657,644,731,755,665,731,588,716,621,712,692,727,666,648,661,730,770,781,839,826,838,881,876,895,904,826,901,893,815,928,866,898,861,831,911,936,935,903,894,882,
183,189,204,238,213,211,217,205,181,184,151,174,171,184,188,197,164,186,160,159,193,160,195,217,207,172,155,176,191,183,190,178,181,173,165,217,191,273,216,189,185,250,219,190,195,154,194,197,198,196,163,159,193,159,149,184,192,190,198,175,234,226,213,253,255,329,308,297,337,359,353,359,346,367,350,408,
150,166,267,246,208,246,234,316,432,404,403,373,380,373,369,445,458,462,466,436,492,481,513,472,461,465,497,510,481,501,459,486,515,451,420,421,432,409,237,250,435,316,284,295,355,228,347,296,329,362,369,319,307,304,328,344,405,369,379,371,323,407,389,391,357,320,355,301,319,303,326,316,303,402,230,290,237,242,279,232,299,298,325,304,320,297,366,353,320,354,300,247,219,
159,223,196,221,235,251,215,193,194,248,203,218,249,141,153,155,160,157,160,153,182,195,200,227,219,227,217,228,225,223,213,179,194,187,174,221,217,180,285,268,242,259,320,350,352,340,374,351,376,392,378,410,391,375,501,491,472,504,444,417,320,481,430,421,402,471,469,497,481,477,
203,226,229,229,204,226,280,245,247,192,248,186,162,143,156,245,260,250,234,276,285,244,261,283,307,286,249,256,232,286,190,208,191,166,162,228,204,181,223,191,232,167,172,228,183,181,161,164,159,142,200,170,172,211,308,274,221,232,245,230,268,265,292,291,289,328,291,226,210,316,271,251,300,273,332,262,265,281,370,277,
171,151,144,163,156,144,174,165,204,210,207,152,177,180,177,292,357,312,425,389,437,415,399,434,497,492,471,474,488,606,523,832,774,771,733,740,738,798,779,759,775,875,827,789,850,795,820,811,792,784,876,881,893,840,867,880,824,809,904,936,965,951,1033,1085,1118,1209,1196,
147,146,151,157,191,209,182,148,203,170,180,188,281,281,287,247,217,267,269,292,337,318,328,264,267,372,294,294,286,306,255,263,264,234,256,157,159,170,218,195,346,308,253,289,250,330,331,334,318,363,342,350,350,383,385,435,470,471,400,385,341,348,404,310,224,238,291,225,188,228,236,196,232,189,177,159,253,173,142,185,207,188,191,
154,156,141,167,180,154,220,191,223,231,202,213,223,206,176,177,181,169,179,205,204,186,189,200,248,241,212,203,196,202,167,196,194,190,190,165,154,181,174,168,218,232,233,277,281,268,259,253,243,204,237,192,163,159,159,159,156,141,184,165,172,169,209,180,208,167,174,207,205,202,202,263,190,199,217,207,209,
184,224,224,278,285,295,308,302,313,332,236,305,295,341,334,349,403,396,363,289,268,321,300,306,286,305,236,343,269,207,149,165,175,197,257,226,228,241,168,336,293,281,274,266,225,282,252,202,224,230,189,151,162,207,167,156,157,151,151,193,161,162,144,208,163,260,247,243,
185,205,155,168,168,200,203,193,192,246,265,275,266,260,225,221,252,264,234,152,160,213,198,233,185,201,289,342,321,262,231,235,251,233,270,273,304,333,293,233,248,199,226,211,195,173,210,153,141,170,151,170,198,174,196,214,244,218,254,264,226,199,291,254,202,205,217,219,194,202,152,146,171,181,208,192,272,305,241,270,
184,177,159,209,181,184,269,270,210,225,225,226,198,275,241,270,202,200,321,302,276,281,277,361,345,320,309,314,349,371,348,352,367,364,399,462,430,324,334,346,369,332,482,517,543,560,552,574,559,614,649,576,597,578,522,545,557,497,562,541,539,594,613,657,664,689,712,724,686,694,641,669,639,727,728,760,747,728,725,734,766,
