22.7167,28.1573,24.8534,18.729,
22.7167,28.1573,24.8534,18.729,
22.7167,28.1573,24.8534,
22.7167,28.1573,24.8534,18.729,
22.7167,28.1573,24.8534,18.729,
22.7167,28.1573,24.8534,18.729,
22.7167,28.1573,24.8534,
22.7167,28.1573,24.8534,18.729,
22.7167,28.1573,24.8534,18.729,
22.7167,28.1573,24.8534,
22.7167,28.1573,24.8534,
22.7167,28.1573,24.8534,
22.7167,28.1573,24.8534,18.729,
22.7167,28.1573,24.8534,18.729,
22.7167,28.1573,24.8534,18.729,
22.7167,28.1573,24.8534,
22.7167,28.1573,24.8534,
22.7167,28.1573,24.8534,18.729,
22.7167,28.1573,24.8534,18.729,
22.7167,28.1573,24.8534,
22.7167,28.1573,24.8534,18.729,
22.7167,28.1573,24.8534,18.729,
22.7167,28.1573,24.8534,
22.7167,28.1573,24.8534,18.729,
22.7167,28.1573,24.8534,
22.7167,28.1573,24.8534,
22.7167,28.1573,24.8534,
22.7167,28.1573,24.8534,
22.7167,28.1573,24.8534,18.729,
22.7167,28.1573,24.8534,18.729,
