227,235,230,245,260,226,248,212,203,189,229,191,196,182,196,170,197,205,161,198,163,154,152,156,168,191,162,135,205,212,211,217,198,195,155,155,177,154,160,168,178,166,168,186,216,165,193,224,198,189,157,174,152,170,184,172,195,202,181,185,194,159,191,184,195,198,160,148,154,152,163,142,
133,164,159,161,183,149,190,162,139,158,162,191,196,182,196,170,188,208,164,201,166,157,155,188,197,210,162,135,136,158,157,187,165,168,189,185,192,175,159,191,181,169,179,189,219,154,148,275,214,205,185,192,174,182,188,176,199,206,185,189,198,163,188,199,210,216,161,151,157,155,163,142,
193,210,205,208,227,193,223,199,162,190,175,191,196,182,196,170,188,208,164,201,166,157,155,153,171,194,178,191,185,168,191,202,191,173,167,165,178,155,139,164,178,166,168,186,216,165,193,278,217,208,188,188,177,194,200,202,198,193,184,188,197,162,191,184,228,198,175,158,167,155,166,148,
133,155,164,178,179,154,182,167,142,167,163,192,197,183,197,171,198,206,162,199,164,155,153,188,197,210,215,176,195,208,215,195,165,168,167,169,185,168,187,185,205,203,227,222,252,201,195,229,214,222,161,178,156,167,183,161,164,176,161,179,180,145,168,161,183,175,155,150,156,157,163,151,
133,141,229,231,266,232,262,226,223,233,238,191,196,182,196,170,197,205,161,198,163,154,152,156,168,191,162,135,205,212,211,217,198,195,204,197,245,174,239,206,203,228,222,211,247,202,196,280,232,237,166,183,161,182,198,176,199,206,185,189,198,163,188,199,210,216,161,151,157,155,163,150,
231,261,256,258,273,239,261,251,216,191,231,191,196,182,196,170,188,208,164,201,166,157,164,161,173,196,162,257,240,223,269,228,209,214,203,190,206,195,183,227,179,217,190,200,236,165,173,248,212,220,159,176,154,194,200,202,198,193,184,188,197,162,187,198,209,215,160,150,156,160,163,142,
189,206,201,204,223,189,211,195,158,189,174,193,189,184,198,181,194,202,231,221,206,197,191,198,225,246,162,146,136,167,190,201,166,168,173,160,182,159,177,185,205,203,227,222,252,201,195,229,270,295,224,233,280,217,246,196,209,205,192,196,197,162,187,180,220,198,167,150,156,152,163,142,
157,175,182,193,194,160,201,192,141,167,163,191,196,182,196,170,197,205,161,198,163,154,152,188,197,210,207,168,190,203,210,190,160,168,182,169,182,159,243,251,237,250,242,231,281,222,224,296,257,241,188,197,175,190,206,161,167,176,161,179,180,145,207,211,229,226,199,155,180,164,167,142,
231,261,256,258,273,239,261,251,216,191,231,191,196,182,196,170,188,208,164,201,166,157,155,188,197,210,207,168,201,184,200,201,186,173,204,197,250,179,244,180,178,166,168,186,216,165,193,218,291,285,214,292,270,220,249,205,201,208,195,199,200,165,191,184,195,198,160,148,154,152,163,142,
133,141,154,192,193,168,190,200,156,181,166,191,196,182,196,170,197,205,161,198,163,154,152,156,168,191,162,135,136,158,157,187,165,168,155,155,177,154,154,164,178,166,168,186,216,165,193,218,198,189,157,174,152,194,200,202,198,193,184,188,197,162,191,184,228,198,161,148,154,152,164,142,
133,141,229,231,266,232,262,226,223,233,238,193,189,184,198,183,196,204,231,221,206,197,191,198,225,246,162,204,188,181,204,215,191,182,202,189,205,194,182,227,179,217,190,200,236,165,173,248,270,295,224,233,280,217,246,196,209,205,192,196,197,162,178,182,200,189,158,148,154,155,163,149,
227,235,230,245,260,226,248,212,203,189,229,192,197,183,197,171,188,202,222,212,197,188,182,179,286,327,210,215,198,186,218,198,186,170,155,165,178,155,160,168,178,166,168,186,216,165,193,218,198,189,157,174,152,139,181,159,168,177,162,180,181,146,171,175,186,182,156,159,165,153,164,150,
157,175,182,193,194,160,201,192,141,171,167,228,220,217,220,204,219,217,224,200,165,163,157,158,165,196,178,204,188,181,204,215,191,182,155,165,178,155,160,168,178,166,168,186,216,165,193,278,217,208,188,188,177,167,183,161,170,191,170,182,183,148,207,218,229,226,192,157,180,164,167,142,
133,164,159,161,183,149,190,162,147,175,171,192,197,183,197,219,221,243,226,222,195,178,172,169,191,225,162,138,205,212,211,217,198,195,155,155,177,154,154,175,180,168,178,188,218,153,147,237,198,189,157,174,152,194,200,202,198,193,184,188,197,162,191,184,228,198,161,191,206,
189,206,201,204,223,189,211,195,158,189,174,192,197,183,197,171,188,208,164,201,166,157,155,153,171,194,207,168,190,203,210,190,160,168,155,166,179,156,177,185,205,203,227,222,252,201,195,229,214,222,161,178,156,182,188,176,255,239,211,223,231,207,229,222,257,239,196,161,180,171,174,142,
133,141,229,231,266,232,262,226,223,233,238,192,197,183,197,171,188,264,237,233,206,189,183,180,287,328,211,216,199,187,219,199,186,171,155,155,177,154,154,164,178,166,168,186,216,165,193,278,217,208,188,188,177,194,200,202,198,193,184,188,197,162,187,198,209,215,160,150,156,154,170,142,
133,141,154,192,193,168,190,200,156,181,166,191,196,182,196,170,188,264,237,233,206,189,183,180,197,235,162,257,240,223,269,228,209,275,182,178,185,171,139,164,178,166,168,186,216,165,193,218,198,189,157,174,152,170,184,172,255,239,211,223,231,207,229,222,257,239,196,161,185,171,174,147,
231,261,256,258,273,239,261,251,216,191,231,228,220,217,220,204,219,217,224,200,165,163,157,158,165,196,215,176,195,208,215,195,165,168,195,182,189,166,244,252,238,251,243,232,282,223,225,297,249,233,189,189,167,194,200,202,198,193,184,188,197,162,191,184,228,198,161,191,206,233,236,177,
133,141,154,192,193,168,190,200,156,181,166,192,197,183,197,219,221,243,226,222,195,178,172,169,223,256,188,217,188,181,204,215,191,182,155,166,179,156,140,164,178,166,168,186,216,165,193,275,203,205,185,192,174,194,200,202,198,193,184,188,197,162,187,198,209,215,160,150,156,154,170,189,
172,214,209,212,231,197,227,203,166,191,176,191,196,182,196,170,188,264,237,233,206,189,183,180,287,328,211,216,199,187,219,199,186,171,182,184,191,174,139,190,180,168,178,188,218,153,147,237,198,189,157,174,152,139,181,159,162,176,161,179,180,145,170,163,185,183,150,155,161,225,249,
193,210,205,208,227,193,223,199,162,190,175,192,197,183,197,182,195,203,162,199,164,155,153,163,169,192,162,135,205,212,211,217,198,196,195,182,189,166,177,185,196,212,185,193,229,172,200,225,198,189,157,174,152,194,200,202,198,193,184,188,197,162,191,184,228,198,161,148,154,165,168,142,
172,214,209,212,231,197,227,203,166,190,175,217,209,195,209,183,196,204,190,210,175,166,160,170,223,256,188,156,141,172,171,189,159,170,204,197,267,186,251,222,205,203,213,202,252,201,195,229,243,238,207,207,196,190,206,161,170,191,170,182,183,148,171,175,186,182,156,148,154,152,163,142,
227,235,230,245,260,226,248,212,203,189,229,191,196,182,196,170,188,202,231,221,206,197,191,198,225,246,162,227,233,228,227,233,214,205,203,190,206,195,263,261,273,261,262,251,301,242,236,327,278,262,199,208,197,197,213,168,164,176,161,179,180,145,168,161,183,212,169,152,158,152,172,189,
172,214,209,212,231,197,227,203,166,190,175,191,196,182,196,170,188,202,231,221,206,197,191,198,225,246,162,146,192,209,208,214,195,195,173,160,182,159,154,166,178,166,168,186,216,165,193,224,198,189,157,174,152,194,200,202,198,193,184,188,197,162,191,184,228,198,161,148,154,152,164,142,
133,141,229,231,266,232,262,226,223,233,238,191,196,182,196,170,188,208,164,201,166,157,155,153,171,194,207,168,190,203,210,190,160,168,195,182,189,166,160,168,178,166,168,186,216,165,193,275,203,205,185,192,174,159,183,161,164,231,203,215,223,199,214,207,242,231,195,185,191,169,172,142,
133,164,159,161,183,149,190,162,139,170,166,193,189,184,198,181,194,202,163,200,165,156,154,158,170,193,207,168,190,203,210,190,160,171,198,185,192,175,263,270,247,260,252,269,291,232,234,317,258,252,198,198,176,190,206,161,167,176,161,179,180,145,168,161,183,175,155,205,211,189,222,
193,210,205,208,227,193,223,199,162,190,175,228,220,217,220,204,219,217,224,200,165,163,157,158,165,196,162,135,168,161,160,195,173,162,195,182,189,166,160,168,178,166,168,186,216,165,193,278,217,208,188,188,177,194,200,202,198,193,184,188,197,162,187,198,209,215,160,150,156,160,163,142,
157,175,182,193,194,160,201,192,141,167,163,191,196,182,196,170,188,208,164,201,166,157,155,153,171,194,162,135,205,212,211,217,198,196,195,182,189,166,139,264,250,254,283,294,278,235,229,320,261,255,201,201,179,195,198,176,172,193,172,184,185,150,175,179,190,186,160,176,191,169,172,
189,206,201,204,223,189,211,195,158,189,174,192,197,183,197,182,195,203,231,221,206,197,191,198,225,246,207,168,190,203,210,190,160,168,182,184,191,174,139,264,250,254,283,294,278,235,229,320,261,255,201,201,179,195,198,176,172,193,172,184,185,150,207,200,240,226,199,157,180,167,170,142,
231,261,256,258,273,239,261,251,216,191,231,228,220,217,220,204,219,217,224,200,165,163,157,158,165,196,162,227,233,228,227,233,214,205,182,169,182,159,160,168,178,166,168,186,216,165,193,218,198,189,157,174,152,139,181,159,168,177,162,180,181,146,169,162,184,182,149,185,191,176,179,189,
