112,139,178,144,111,114,161,142,132,216,368,371,296,290,267,339,357,299,272,272,285,276,301,456,550,581,556,530,553,575,580,667,576,588,572,
115,175,208,204,262,287,234,396,483,504,549,566,594,635,630,568,543,573,615,653,660,648,435,431,452,444,476,460,462,451,454,515,577,583,565,647,
108,181,198,244,130,213,250,273,234,218,159,228,198,142,202,108,108,102,297,280,237,173,114,111,108,141,360,364,406,459,501,417,
127,203,214,213,191,130,336,338,398,430,471,411,386,225,369,372,440,397,375,380,652,673,712,733,739,764,749,707,709,710,837,853,785,750,752,752,
96,106,90,148,135,120,126,167,179,149,86,83,93,92,84,144,88,117,239,121,277,183,124,120,86,119,112,112,102,106,253,261,198,252,
96,175,150,127,93,159,145,277,452,412,379,290,314,378,390,451,445,432,570,746,
131,144,217,335,399,494,490,387,394,640,544,690,632,742,691,768,762,847,1017,1071,
93,109,127,151,79,106,100,96,124,116,167,151,216,310,325,348,405,445,516,549,563,590,716,671,688,641,663,610,693,683,682,783,
87,113,86,76,139,152,159,155,164,185,374,490,514,517,605,582,563,569,553,659,777,504,542,609,438,388,395,379,384,386,597,566,
84,165,361,368,409,380,457,315,247,295,191,161,410,446,473,415,625,563,365,417,476,436,408,486,355,391,370,448,
93,97,104,110,251,171,216,285,345,431,488,423,506,602,610,632,539,629,638,686,698,714,692,678,721,641,656,672,614,572,536,386,540,656,
85,123,155,228,196,244,173,189,220,331,387,314,298,508,632,646,665,606,630,689,663,551,789,789,638,689,574,
145,85,97,132,159,205,234,290,405,441,426,488,495,506,527,450,457,486,469,509,457,556,529,578,602,778,785,726,
92,114,108,130,183,161,212,199,185,296,374,337,464,454,490,523,611,618,726,721,677,758,802,854,859,1017,
87,94,87,120,109,101,92,109,130,96,92,109,104,108,114,126,263,320,388,398,481,439,456,591,613,582,563,483,479,491,378,293,313,244,323,
83,226,215,235,243,400,387,259,319,326,307,437,437,535,727,903,745,1006,1063,1090,1066,1076,
103,214,235,163,147,123,107,105,74,131,108,80,125,131,117,71,392,270,284,270,306,326,232,266,438,
181,172,170,161,124,126,112,97,127,400,497,480,579,483,457,459,701,693,631,642,699,638,615,728,601,604,619,588,516,544,496,578,519,603,584,561,
113,110,106,162,103,80,116,147,236,202,200,147,159,186,156,200,339,381,392,402,548,816,842,767,814,901,1021,937,923,905,919,917,938,954,1005,1034,1068,1119,1166,
92,94,89,153,263,235,195,266,245,306,257,364,406,369,266,345,364,386,403,385,353,362,338,349,232,335,202,174,171,118,145,134,90,139,219,255,257,254,376,366,333,412,373,258,268,312,363,377,325,268,351,341,
97,259,256,225,168,185,203,276,285,301,315,306,275,250,246,288,386,390,362,523,584,526,516,610,853,877,835,971,1063,995,800,
81,80,93,64,90,83,114,189,244,199,406,359,324,375,457,574,491,475,489,382,535,565,564,662,604,519,593,550,640,635,606,662,651,666,624,638,658,716,
91,163,211,247,321,317,334,285,294,259,345,412,397,405,498,592,764,846,874,861,1004,1069,1066,1009,1185,1222,1229,1144,1129,1220,
151,126,152,243,213,232,275,432,475,525,604,552,599,601,631,683,669,821,770,807,743,770,769,774,735,714,761,813,812,766,840,910,901,846,825,774,813,801,
300,425,506,429,452,319,475,473,465,558,559,593,573,577,632,665,645,617,656,691,733,808,711,755,772,782,732,733,738,771,738,
77,103,95,99,88,95,111,140,170,167,76,151,114,234,386,254,279,350,371,468,516,454,464,383,420,338,381,406,391,397,443,512,508,471,449,386,384,
109,155,252,262,266,331,335,433,507,538,445,379,336,359,383,344,369,405,608,470,501,567,474,570,670,578,527,595,554,667,678,635,
114,175,188,282,150,341,462,400,528,542,578,738,630,675,665,801,792,751,710,602,579,619,615,697,746,705,
86,106,125,114,175,205,226,266,291,304,312,365,423,373,402,402,361,351,534,565,568,680,697,719,700,716,813,768,748,665,717,
78,95,120,132,124,103,99,77,104,120,133,212,211,220,356,399,366,360,366,401,426,387,419,387,272,316,315,325,493,478,521,
