25.4909,27.0154,25.1946,22.8145,24.297,18.8416,24.7005,17.5408,23.2786,20.7848,25.9136,22.5699,19.0957,18.4853,21.3388,21.7514,22.8816,22.3676,24.4476,21.9196,24.592,20.9118,20.6628,26.8969,26.7407,22.5487,18.4207,24.9746,21.4581,33.1698,26.3293,21.192,26.0846,22.141,20.4947,
27.8679,20.1968,22.5443,22.4739,24.3196,16.7357,18.1526,23.1434,16.4169,22.89,29.0999,20.4097,18.8093,18.2731,23.4895,25.6566,19.2493,26.6481,22.6754,24.8244,24.2953,20.4986,26.8296,19.7913,16.0476,21.8665,24.6962,20.5403,19.3379,22.8599,28.0855,22.3046,21.7269,26.5607,17.4982,19.0954,
24.1009,24.295,17.83,25.9644,24.5528,21.2594,20.4665,27.6282,22.8554,18.6314,18.5591,25.4125,21.6729,22.657,25.8642,20.9603,20.5832,23.614,19.6663,15.3504,27.0718,23.379,27.8408,27.3107,25.0127,24.1195,26.6782,23.2982,26.2453,20.9602,23.7236,19.959,
19.5278,20.4506,24.1433,22.2765,24.3319,22.5188,23.7567,18.143,16.2725,22.7027,21.3939,18.8113,25.698,16.8813,22.3237,27.7888,20.3865,23.2869,25.4642,25.8252,25.1236,29.0094,25.0621,19.9236,21.0019,20.598,26.037,26.6075,22.1225,23.0953,21.5697,27.6985,23.1696,19.6465,20.0144,20.1983,
22.1099,25.6168,22.1443,32.9798,22.1649,27.3562,24.1445,22.2713,25.3971,30.6906,20.8084,19.0725,22.2813,18.1824,20.4222,35.3328,20.4903,23.6373,27.8236,22.4794,27.6707,21.8991,25.3022,24.8793,21.0136,23.3944,23.6867,22.5284,22.5633,19.1437,20.2028,24.4716,16.5425,20.4319,
23.1097,20.5238,18.3122,19.9397,18.9002,18.3527,22.4223,23.85,23.9627,23.7866,16.7867,22.7457,19.8775,29.7209,23.0689,26.5847,15.4582,21.5139,26.8576,30.2876,
28.4807,23.7629,23.2821,19.9423,25.5727,30.436,21.5471,26.0416,26.4364,28.2739,15.9961,24.3476,16.7622,21.6564,19.8128,22.8461,24.6711,23.0998,24.8412,30.3369,
22.7107,26.5655,20.4838,23.8785,15.3556,21.9377,19.4917,14.3486,20.2833,21.1579,23.0095,14.776,23.1034,27.1925,32.9899,25.822,27.5834,16.4987,22.067,24.0225,25.9374,20.142,24.908,18.5417,26.6004,26.5198,24.5896,20.8838,25.8284,26.1326,22.2795,24.1583,
21.3242,19.0651,19.9283,18.6445,29.4071,24.1318,25.4433,24.659,18.1528,19.2183,21.0294,26.7695,20.2449,25.1132,28.3658,23.7176,24.0839,22.5223,25.9917,19.8091,22.3052,23.2646,20.1551,18.6547,20.5716,23.9242,18.4594,18.4733,20.9195,23.5447,23.4084,22.3077,
20.3117,22.3622,22.8393,24.3789,26.5133,23.864,19.1591,27.9405,25.0598,21.4908,19.4306,27.8119,26.8314,28.1864,20.806,29.4065,27.5105,26.7514,22.2157,18.6728,23.2852,20.8718,19.3905,25.2717,28.9874,24.9934,26.9625,26.4085,
22.5319,23.3968,22.7106,24.3422,23.1795,21.2902,19.2262,26.2341,27.605,22.1113,22.1717,16.5654,26.119,26.7981,27.2953,23.2546,34.5703,23.4163,24.5778,26.1991,18.0077,20.2839,22.9578,20.2964,21.3815,24.1402,24.5979,20.4617,21.1689,26.7068,23.5644,14.327,32.6063,21.295,
20.7627,26.5746,30.0647,25.164,24.1835,20.8069,18.6322,26.8513,18.3878,21.9313,23.9992,24.9939,17.2776,19.7304,25.4598,21.8663,22.0718,21.0369,27.3652,23.4061,22.5677,25.3103,22.4571,25.8007,19.4669,24.7149,20.7885,
27.0337,17.2356,23.7338,25.8632,29.0971,26.2019,27.3048,19.0841,27.0025,26.0953,25.8666,19.9729,30.8407,25.0252,34.6589,24.6101,28.0436,22.6611,18.1838,23.0824,20.8982,22.0518,21.6954,17.4413,18.9151,22.0003,26.6637,24.2518,
22.3323,21.925,19.0063,23.4698,23.2245,19.9183,22.2327,26.5283,20.9568,26.1958,23.263,22.8863,21.28,21.5437,23.8454,23.0018,24.852,27.5691,26.8701,18.5298,18.0933,22.5539,24.2566,22.5929,20.5779,27.5192,
21.513,21.1786,18.2181,21.7996,17.0824,21.4651,22.4951,22.3712,25.4597,23.3815,22.577,25.7412,25.3476,21.3393,21.5582,20.6554,24.4091,18.7957,20.0357,18.9182,21.4293,23.2886,18.5824,19.1849,24.4632,23.9829,19.4847,25.9423,15.6119,22.5319,24.7546,13.9822,21.2436,23.3244,21.107,
17.9792,22.21,26.8522,19.1489,20.4862,25.3147,28.6643,18.4093,30.893,28.9167,25.4094,21.7811,28.8953,22.0887,24.5423,26.7403,21.8347,25.0851,17.1748,25.5689,21.7482,16.3918,
23.5842,20.7098,18.7112,21.6601,27.4857,26.1852,25.5628,19.3902,16.4179,29.4969,20.2952,17.5826,22.6892,23.6594,25.6399,15.898,20.7778,18.5542,22.5855,20.0716,24.9774,23.5126,23.1113,18.3916,18.3513,
19.8916,22.5883,25.3892,19.8078,23.4871,18.3866,18.158,23.0241,19.9446,24.1951,26.3834,22.9051,24.4324,18.403,22.8187,21.5515,21.8176,23.732,21.8127,21.1548,20.9781,18.8829,24.5297,31.1281,23.7492,16.5104,19.4969,19.694,25.1485,18.7671,17.7792,20.2407,20.564,21.4919,15.6989,15.97,
15.5777,24.4302,21.7887,22.9445,19.0112,18.2745,20.4937,30.1369,26.3226,23.5235,25.8628,21.1717,20.5654,24.5908,21.8968,25.8235,24.3631,19.6312,19.3495,16.3994,24.2637,27.8235,26.1761,20.5761,25.4112,22.4828,27.399,19.3813,22.4606,25.9449,20.2378,17.6188,18.1947,28.6552,20.4558,19.7333,22.3299,18.8277,22.2107,
22.4641,22.9336,20.3276,27.2139,22.2481,22.4636,18.1582,23.5932,20.4929,23.9784,17.3602,18.1726,19.9227,26.2409,20.9689,24.0063,23.9269,20.5959,20.3439,26.2689,20.4112,29.7667,21.6227,21.2569,16.668,24.4634,21.2677,26.0828,18.9022,24.1399,22.78,19.5169,19.3672,26.5752,25.2012,17.4156,18.7453,26.6234,23.169,26.3227,21.3183,29.0161,24.7701,23.3418,19.6212,26.2158,19.367,27.1268,19.6312,18.3402,23.6754,20.4286,
21.0277,19.6124,26.206,26.9627,20.9585,20.9144,21.8222,18.6116,29.9906,16.5587,31.2336,23.0358,20.7117,23.8334,23.295,24.6002,25.4919,28.0197,23.1352,29.7893,27.8519,17.7261,18.7789,20.861,28.3181,19.2183,19.9449,23.394,19.5525,26.8283,23.2074,
19.6758,19.5291,22.3221,15.4757,21.5532,16.3339,21.8745,17.8094,26.5529,20.1396,23.9714,26.5725,19.0913,30.7027,18.3749,24.4156,27.153,19.1751,28.062,28.0518,27.8335,26.9898,26.7472,25.8415,24.3699,22.9469,22.6733,21.0903,21.9048,29.2611,24.4271,25.1452,26.897,30.0722,20.6659,19.5439,19.8865,22.4528,
21.6674,23.4004,19.1704,23.4693,21.6991,22.1157,25.9316,19.779,21.72,19.981,24.3919,20.1703,18.4802,31.3368,24.5246,21.8126,23.8234,21.2134,27.5854,17.1039,19.5062,21.6041,20.8891,34.0775,23.3052,25.8988,23.278,19.9041,24.0313,19.8519,
22.4442,19.3693,22.1058,23.0149,22.3174,20.5231,25.4366,28.3805,19.9573,18.5771,26.3175,21.7028,19.9027,28.0904,23.8096,28.4661,22.9264,22.2944,18.3719,24.4178,23.7946,21.9729,24.1232,24.9538,23.7303,23.3915,27.4614,29.042,18.4157,19.6555,18.5524,29.7846,24.8391,16.4996,22.8882,24.9537,28.5595,24.7921,
27.1958,13.1944,23.2093,21.3731,19.0809,22.0866,21.4841,18.9233,22.1188,29.752,21.1881,25.2681,16.4049,24.1381,20.1907,19.6451,29.4998,24.4467,26.6725,27.8017,23.6349,25.4873,24.3715,17.6756,26.0141,19.4274,19.0635,19.421,14.7924,25.1164,22.5732,
18.7117,21.638,17.314,24.0423,19.6571,21.5384,20.3215,23.8015,22.6985,27.0718,17.6668,25.1531,18.6539,24.5666,24.2122,22.2333,24.9153,21.6917,26.1815,20.8913,20.0798,21.8702,24.1031,15.6474,24.0058,20.029,22.9731,20.4802,25.5368,20.972,23.2758,22.6883,18.249,26.2244,28.2933,24.6905,20.1168,
21.9204,27.4219,24.8122,26.0729,28.8956,24.0998,26.2379,25.1526,22.554,21.2746,30.6877,22.6736,21.7662,21.7066,26.0365,26.6303,26.09,21.302,28.8534,16.7526,26.3833,22.1744,20.1293,21.8262,28.8099,16.9837,26.8295,21.9018,21.2331,29.6305,18.7272,20.589,
21.4286,29.3871,24.5537,29.4567,21.6036,22.6352,26.0656,23.9473,19.0541,17.4433,30.4526,22.3392,17.5809,17.1115,16.1485,24.4036,18.3663,29.863,22.2227,25.2037,16.7926,29.8265,20.7936,22.0175,31.4242,23.7781,
21.1255,25.4467,20.5319,21.9331,23.154,22.0188,26.7342,29.0442,20.5207,23.4023,16.0774,20.303,21.8932,19.7379,23.9272,23.6772,24.6154,22.1383,27.0147,28.2234,23.701,29.8851,20.4327,23.2915,20.2279,24.5651,22.128,15.7559,26.2344,21.2134,28.3799,
16.1006,21.7216,24.4393,21.0232,28.488,22.3281,24.3761,16.7841,23.3762,21.0424,20.0644,29.5117,18.0364,21.4081,19.2238,25.4147,17.6294,20.9648,20.6145,16.7894,17.7882,14.1974,27.3787,18.8669,17.7368,21.8617,15.9701,23.2577,25.031,20.2833,22.1978,
