129,155,166,212,197,181,165,201,145,193,261,197,205,184,299,450,416,416,449,362,493,377,445,379,324,314,353,331,390,385,390,327,289,278,287,249,218,328,341,351,398,317,349,416,413,389,414,511,524,559,555,564,625,730,734,737,736,640,650,614,710,730,662,651,650,624,605,
171,176,142,222,222,311,345,323,286,277,252,289,223,275,286,432,447,392,401,465,479,460,451,453,526,463,664,642,646,631,632,627,628,562,624,604,667,693,636,613,601,614,610,721,697,688,769,774,700,667,783,527,516,609,535,640,556,704,720,718,677,600,616,724,
240,324,315,300,345,317,283,225,199,188,245,312,328,361,321,203,224,168,170,192,208,235,235,188,171,176,251,262,171,157,170,162,193,195,183,332,339,299,314,312,318,320,312,309,259,288,275,352,245,193,190,198,181,180,187,362,367,388,415,424,568,518,
204,210,226,220,199,224,233,264,238,285,288,518,570,489,453,501,436,470,590,601,496,466,487,491,483,495,476,369,316,320,368,426,588,595,617,622,561,569,510,460,416,455,509,717,777,756,757,764,770,773,761,765,770,804,813,917,1049,1036,1091,1094,1175,
157,158,170,205,175,161,187,223,181,160,161,163,123,143,137,143,158,202,226,186,175,300,181,215,247,252,251,168,219,158,176,143,211,194,182,212,178,180,182,165,152,200,170,227,251,235,246,274,300,339,315,314,389,412,446,495,
177,192,171,163,165,196,279,332,397,435,435,491,604,609,546,577,549,547,590,563,500,478,479,477,493,470,560,539,464,636,441,400,417,335,371,337,339,344,357,365,380,464,514,466,526,460,447,444,426,414,409,390,644,618,638,678,718,739,759,748,817,811,811,801,831,857,904,946,907,
206,173,150,179,253,334,501,482,545,583,592,599,650,683,668,607,615,689,700,724,834,899,890,876,878,806,791,760,804,799,791,925,798,892,747,770,805,883,872,903,894,892,940,989,1050,1040,1016,1070,1140,1169,1170,1177,1158,1138,1142,1156,1137,1170,1141,1139,1123,1136,1177,1284,
188,217,191,209,215,189,183,203,198,206,229,273,329,312,338,354,394,534,618,585,479,496,484,533,597,607,592,540,560,550,515,578,563,638,683,685,737,736,739,734,669,687,783,691,700,725,695,736,684,718,707,713,721,769,755,705,732,798,782,832,807,
129,134,135,156,186,147,144,167,135,162,164,170,183,197,223,215,254,281,358,332,303,319,309,467,492,545,535,597,696,583,622,602,620,596,610,760,812,830,777,772,696,775,745,604,719,768,720,782,725,825,850,789,899,784,727,694,652,
125,203,215,216,247,255,258,360,345,405,406,452,429,455,449,501,538,519,488,475,468,454,424,401,397,349,298,449,396,337,561,542,453,456,434,463,473,548,555,566,453,787,676,641,624,632,533,542,568,583,536,501,596,629,504,466,500,524,479,556,582,628,628,645,
145,176,185,179,187,215,295,251,227,287,287,320,379,346,490,511,512,521,508,497,488,472,401,526,594,597,600,565,597,622,673,712,761,921,893,845,791,785,771,776,783,805,778,746,728,723,829,873,741,726,729,643,729,836,856,877,686,698,717,702,732,658,787,746,
135,146,194,226,166,203,243,204,264,265,287,283,308,304,273,347,301,284,391,389,350,441,467,363,424,442,605,702,672,659,687,735,752,731,701,710,709,711,738,771,813,782,734,718,778,772,751,724,682,676,860,891,875,873,920,865,805,710,780,790,773,
175,203,172,165,167,168,170,175,239,261,256,275,217,210,199,231,348,356,285,351,202,228,197,337,385,383,470,504,542,549,570,495,554,462,568,515,592,632,633,605,630,594,567,536,584,589,603,543,510,617,622,608,612,604,659,747,712,664,662,821,753,762,
165,154,153,161,169,207,160,148,189,187,164,184,170,228,343,304,286,289,412,369,509,561,568,485,491,477,497,482,508,486,484,468,477,450,563,567,606,677,679,702,716,727,729,883,890,1056,976,945,977,1004,981,1095,1068,1061,1123,1051,1081,1063,1086,
163,168,138,198,180,198,187,190,188,143,147,138,168,136,144,161,312,320,388,408,405,422,454,554,605,656,656,515,501,522,526,576,566,615,583,560,606,738,706,702,681,644,599,526,545,572,447,503,468,459,426,343,427,390,444,433,443,357,366,
157,151,185,193,217,331,353,315,328,340,399,343,534,485,482,453,362,398,347,318,329,386,368,530,468,500,489,525,546,537,582,593,513,536,561,579,741,750,778,843,834,789,831,849,950,961,915,872,955,959,911,885,936,949,944,1076,1072,1109,1140,1160,1123,1189,1194,1240,
147,148,224,309,208,212,186,218,238,184,167,149,141,154,142,144,150,217,248,261,179,273,175,196,173,175,254,254,257,379,385,396,416,395,425,450,408,457,439,452,464,456,373,383,390,399,395,410,442,541,443,434,407,419,393,569,558,520,439,473,509,551,654,661,
187,233,234,226,212,209,205,189,237,240,225,187,171,209,203,212,152,390,390,405,604,667,666,576,659,715,557,571,571,534,568,667,666,675,623,840,694,720,709,719,761,799,786,786,752,632,725,604,598,520,726,718,645,552,636,643,633,
161,173,219,201,196,174,156,178,183,212,235,207,221,273,221,225,201,310,393,559,585,544,538,532,633,704,743,755,804,859,812,921,921,855,946,965,993,956,1078,1103,1016,1104,1030,1007,1054,1045,994,1020,1019,1064,1153,1236,1271,1260,
146,143,153,180,263,380,352,458,373,316,299,308,286,298,404,401,437,441,447,460,462,372,459,379,383,390,395,432,421,477,530,400,259,253,242,205,180,261,228,291,346,372,332,318,302,288,399,422,330,263,372,374,301,301,331,296,340,329,379,454,
160,268,257,308,330,317,324,326,381,366,358,311,320,338,317,375,363,403,379,340,307,437,428,508,420,515,432,450,452,434,566,576,604,568,620,629,619,609,639,634,737,816,781,770,778,891,915,894,977,1029,998,1075,1083,1093,1091,1082,1084,1099,1143,1128,1102,1108,1056,1094,1100,1020,982,
140,131,153,154,178,173,207,143,214,214,220,225,268,303,280,331,255,305,301,408,440,379,402,437,605,650,554,612,582,559,583,557,558,529,582,627,685,674,571,613,687,627,648,652,730,732,740,725,721,698,692,726,642,672,776,780,714,802,748,
149,163,145,241,257,296,217,243,255,318,290,295,286,361,394,406,362,407,431,472,487,440,392,405,419,426,452,524,502,542,481,728,752,905,894,896,885,861,972,1130,1155,1090,1064,1223,1226,1307,
157,205,201,160,202,288,347,398,372,332,289,355,296,491,650,652,599,604,657,657,710,672,625,718,684,682,725,758,722,764,751,843,832,873,821,820,859,848,830,821,814,799,832,846,839,844,812,805,833,799,857,827,806,850,846,871,871,900,920,882,901,887,869,794,825,924,837,
227,282,301,372,422,458,474,474,518,524,582,592,581,578,639,560,561,563,585,548,536,477,479,516,490,494,491,477,476,487,654,653,665,724,765,719,713,684,792,906,986,980,1030,959,950,901,880,786,827,796,809,876,872,892,979,921,916,874,814,835,883,889,907,908,889,959,
148,135,174,193,183,194,180,155,201,204,206,182,211,165,221,209,188,212,265,210,329,226,268,286,340,321,391,434,386,401,406,398,407,379,335,309,315,331,393,560,564,603,548,567,575,570,514,580,520,507,541,541,561,477,570,538,393,392,392,422,430,535,536,580,546,385,
346,379,379,379,447,483,493,490,446,507,491,507,474,569,590,598,581,518,571,510,446,444,524,502,484,445,440,484,526,417,589,511,588,665,676,672,630,660,627,667,642,580,625,708,675,699,541,583,583,562,571,592,630,667,690,716,714,892,910,917,947,961,974,968,928,
158,153,173,219,267,232,196,228,208,217,255,312,322,356,401,367,441,644,642,652,653,756,804,797,774,862,921,787,784,758,763,765,731,770,844,835,809,887,796,873,880,797,775,890,902,894,897,764,746,722,803,801,737,852,829,847,
153,167,208,200,344,309,316,249,235,208,334,350,417,428,468,471,467,467,426,403,487,475,498,485,516,544,618,632,668,472,705,574,776,721,702,716,668,670,665,662,668,579,599,553,621,593,617,595,601,653,722,754,745,697,800,826,753,750,736,743,812,825,855,776,887,842,
173,157,166,173,190,193,180,167,176,170,195,178,153,132,127,138,146,198,222,189,172,212,427,441,377,439,398,438,444,371,373,426,430,421,495,515,610,628,630,536,683,688,646,649,623,649,564,578,557,518,617,624,628,781,734,631,730,725,734,740,666,698,728,762,
