31.73,37.9111,38.749,39.5825,41.5025,32.739,38.9195,40.7955,33.852,38.1239,35.7081,36.6828,37.9883,38.4501,37.7635,33.3814,37.4245,36.5536,40.3422,33.4147,36.8545,35.3295,38.6962,39.6277,40.6737,33.9079,38.8492,32.8049,36.9624,36.228,35.8941,33.9027,35.5407,39.0313,39.1119,34.557,38.8592,34.5077,33.9072,36.2446,39.8644,33.9458,36.0663,36.5898,35.5666,39.8062,36.7432,41.1947,36.8897,35.5272,37.3955,38.3555,39.3187,32.6164,34.7126,35.088,36.0317,36.4038,38.7417,35.6317,41.3529,36.9505,35.7789,34.7627,39.0017,34.2417,34.2635,
33.9966,37.0719,30.4163,39.5629,38.3861,34.4364,34.453,34.8345,33.5777,39.2827,36.2761,43.7592,36.4003,34.6191,32.2697,35.0938,42.3234,39.4747,37.3128,37.0644,39.9224,35.154,36.8265,34.2332,43.0568,31.6009,37.766,35.2029,42.189,35.0448,34.5938,38.7522,32.4972,35.5872,38.605,36.5566,34.8195,34.6152,33.8419,38.5324,37.6874,38.7839,33.2293,38.1383,30.598,41.49,34.7288,38.431,35.432,37.4275,41.9388,33.3418,32.3717,33.6392,39.4991,34.8889,36.6024,37.1388,39.411,40.1676,34.3108,37.4548,39.1645,42.561,
32.4948,38.1792,36.9001,34.0754,38.0404,38.6625,33.9398,37.1555,35.6486,35.1083,35.606,37.6586,31.8148,36.3091,32.2753,34.7084,31.5825,35.1757,37.6384,42.6118,35.9496,35.313,38.8111,36.7562,34.5868,33.5976,36.2051,35.8148,34.5748,33.7848,38.2799,39.38,34.9437,38.5846,36.1022,37.7394,37.7597,34.591,38.1093,39.1647,41.8513,37.2429,35.5854,34.9362,41.8484,31.2994,36.695,38.1939,41.6067,39.5466,36.1873,32.3416,40.5302,35.9661,39.0773,40.7109,36.3016,41.0828,38.0246,37.6693,36.0624,33.3515,
35.5376,35.8822,37.1154,39.29,33.2563,39.2168,40.5992,35.7134,32.9059,33.3703,38.4744,32.8671,35.9514,32.7641,42.2453,41.9214,38.5756,36.6564,32.9022,40.2983,36.4878,38.7577,37.0671,31.8058,34.4662,37.2785,42.0064,34.1204,35.4807,37.8475,38.8642,42.8632,39.6596,37.5413,35.351,36.8165,35.9103,40.2547,36.0343,36.762,31.4782,35.6826,38.451,36.2023,39.2846,34.4617,34.7657,33.9092,37.5267,38.8867,37.9268,33.4119,39.8148,39.0927,39.9073,33.3182,36.6851,36.2227,38.1037,36.2772,38.6146,
38.4465,38.6884,40.9162,40.4704,38.1044,38.7073,36.9384,39.0292,35.5747,39.4592,34.9311,33.7593,30.4006,35.2149,33.5734,35.0592,38.872,38.2824,41.6131,35.9976,36.152,36.9868,29.3578,38.2474,38.7558,37.887,36.0172,37.1007,36.7503,38.0702,34.8237,35.1044,37.4038,35.403,32.6037,40.2451,35.7698,39.4213,38.975,38.7447,37.4703,35.7439,40.4016,35.3341,38.783,37.6144,38.2073,36.18,37.1253,37.7488,34.5499,31.6708,38.2237,36.4655,36.1148,25.3096,
35.6497,39.7911,36.5505,39.7735,34.6073,41.7123,35.3168,39.5364,40.9557,37.6762,36.7278,37.6432,35.1053,39.6238,43.46,35.8426,32.9682,38.2417,36.557,32.8136,36.3655,35.691,39.0849,39.7742,38.0933,38.0246,31.3291,36.4327,41.0074,31.8451,37.7772,38.0301,37.1196,38.3703,39.5177,32.2752,38.8531,31.8375,41.0189,37.4253,35.8189,34.0831,34.5311,34.8073,42.4677,37.785,40.8978,39.1937,34.5847,37.0336,43.7246,36.9679,37.2278,33.2643,35.5418,37.857,34.695,38.2871,42.8435,34.2582,36.6739,38.9364,38.561,39.1242,37.9939,39.2284,30.1947,40.5189,32.2872,
42.8451,31.4391,36.5645,36.9008,43.1609,39.4615,36.1766,39.5374,37.1009,41.055,34.375,36.9093,41.7509,38.6324,37.0222,38.0507,41.1668,33.6066,34.2843,40.8767,37.2198,39.3158,34.9324,35.1636,38.551,37.1461,36.3512,30.9853,36.2564,36.9842,35.472,40.282,37.319,40.2098,35.2838,33.8866,38.7735,36.2393,37.1414,32.4536,36.2537,39.1819,34.4662,38.7595,41.5022,38.5965,36.3519,32.864,36.0902,39.5174,33.1889,35.6794,33.5092,36.6902,41.3756,39.7195,32.9123,41.0297,28.5038,36.0879,36.0299,36.8057,41.1719,40.6333,
42.1846,41.8971,35.9031,36.395,40.269,37.1703,39.2874,36.0182,33.7162,37.5146,40.4866,32.7183,39.7092,32.5981,37.565,38.9434,41.1075,37.647,38.4754,38.2156,36.4904,36.0811,32.0086,36.793,38.4469,40.5058,37.8786,38.2292,38.2002,41.6137,32.2052,35.2413,34.7622,32.6204,42.4373,40.0496,37.9355,40.8187,35.2582,35.4592,33.4308,35.2464,38.1878,38.5169,36.3214,36.2145,39.4475,36.1209,34.5116,41.2083,41.2632,30.6528,38.9976,40.0707,36.3648,34.8714,39.127,39.84,38.6806,36.0937,38.4398,
30.8741,32.8892,33.0923,38.1557,36.3958,36.0224,35.4051,40.8593,33.1581,35.5916,33.859,38.4241,34.7051,33.2416,38.6006,36.3628,41.6528,41.4375,36.8704,35.4406,36.5693,39.825,35.733,34.936,37.5761,33.3729,33.9063,32.5207,41.4404,38.1198,38.4137,35.6898,39.6583,34.522,40.3161,36.6323,36.039,35.7059,36.9936,38.5956,37.5824,39.8823,32.4302,36.7526,39.5425,34.5058,35.343,38.8033,35.4112,40.2103,35.9985,35.3959,37.816,37.2694,34.8955,34.214,33.6758,
30.8309,47.0152,37.2542,38.5238,35.6501,35.5073,38.9186,32.2298,34.8383,39.8325,37.8836,35.5455,35.9712,36.1519,38.8033,33.1697,39.8388,34.1231,38.2207,36.47,32.894,39.08,35.4816,37.5155,37.2697,39.828,37.5233,32.7272,44.8123,37.5656,39.2947,38.7958,36.7528,37.152,33.0394,38.7525,38.5739,35.2541,34.1387,38.1302,34.7793,38.4885,38.4657,38.1806,38.2417,35.5908,36.3839,34.4774,37.1705,37.7204,34.288,37.4007,36.5131,43.7765,33.9703,37.0506,36.6522,33.7864,36.7758,39.3287,38.3367,39.5402,37.3747,38.0324,
35.1422,33.8579,37.0761,36.8562,39.11,32.2653,32.4904,41.1788,34.0762,39.4029,36.2456,33.0743,40.1058,34.9294,33.1942,36.9997,36.1462,38.1246,35.9969,34.9753,35.3457,36.8614,35.6961,37.9193,38.3219,35.6542,39.942,38.8091,36.5304,36.821,39.5956,41.3601,38.997,39.9492,34.3486,36.1905,39.2954,39.8993,37.296,39.1867,31.5488,33.94,37.1853,33.9808,35.1062,35.6353,39.8215,33.6602,34.6454,35.3696,38.9497,34.4767,40.0486,38.1272,42.0768,43.8141,39.1295,34.3146,39.3482,36.0229,38.7323,36.5167,35.5698,34.3822,
32.9645,35.9238,38.0667,41.6247,38.8128,33.2498,39.3085,35.9816,37.152,35.8266,35.2915,42.1481,34.0807,36.0569,41.3228,35.6642,32.9289,40.4003,40.986,36.9552,35.4546,37.6516,38.1303,33.9696,41.0495,36.4627,35.8495,42.3542,32.7929,36.6143,38.5275,37.7845,35.5598,38.6917,39.0127,36.794,40.2546,36.3578,36.7531,38.3791,43.4996,39.2902,37.3714,33.5187,35.314,32.1177,32.4484,36.377,38.0964,34.3361,34.8563,35.5023,37.9301,34.4057,37.8085,36.8278,38.0342,34.6058,35.8714,36.7644,33.3508,
34.7211,31.6871,35.2745,34.4144,37.1883,33.5027,39.9225,34.5658,41.2974,38.528,37.7573,39.1927,33.9757,35.9702,33.7624,33.9821,36.2484,38.8584,35.1916,38.8289,41.9752,34.8433,38.4905,41.7122,37.3143,38.0909,42.4809,35.6585,33.5716,32.9812,36.6296,34.1637,41.0466,35.2165,40.3786,37.7854,34.8104,38.3754,38.2728,35.6989,44.088,36.6941,40.7055,37.7358,39.9114,34.9613,40.9438,35.4253,33.3813,39.6278,38.3525,37.9736,37.6865,37.5115,33.4175,40.0757,41.5793,36.9302,36.804,31.4184,34.9795,37.7919,
38.1414,37.0283,33.0951,39.6163,34.4539,39.5497,33.5489,35.9394,37.8944,36.8536,32.6923,42.1251,30.0876,38.6894,42.7123,39.6437,37.0619,36.5724,36.6161,33.9748,37.3217,37.3847,39.9782,34.8887,35.8956,38.6356,38.3385,37.007,38.8781,36.471,37.5081,40.5483,38.7981,39.3953,39.9552,38.1609,33.2152,37.5052,37.2018,40.0472,41.7813,33.6676,35.6626,39.7178,31.8229,37.8038,38.4054,39.7389,34.8818,36.5284,36.742,33.405,36.1357,40.925,40.1998,36.3533,35.166,33.9336,38.1079,
39.9428,40.9458,34.0306,34.5037,32.9719,41.0583,37.067,38.4536,35.9774,35.0827,33.0392,33.5787,41.0405,33.083,35.8215,36.5978,36.5627,36.7354,34.7035,41.5081,36.465,37.3965,36.6639,35.4546,40.461,35.4512,39.1498,36.9624,37.3246,35.8091,38.5315,37.0648,35.5742,39.2819,39.6244,41.9958,36.5151,38.8131,41.4455,36.4033,33.8159,34.3417,33.0582,35.1622,35.5722,32.9571,31.5517,38.721,34.3956,38.8982,37.5705,34.1242,40.4133,33.2505,40.3111,36.4987,34.9822,39.4317,36.3707,
38.3113,36.9856,40.9278,37.4376,32.9452,39.0871,37.8061,36.1391,38.5739,38.6502,34.816,38.0622,42.0161,35.7599,37.9095,36.3464,39.1299,42.1905,37.1998,38.9263,35.6933,40.1242,37.7923,32.2319,37.3245,42.8125,42.6166,33.1778,39.2636,38.2473,33.8037,37.1181,39.4502,36.4317,36.3498,35.709,39.8747,33.7353,37.8159,34.768,36.1251,34.2927,37.0038,41.2518,34.8389,40.1323,36.0502,43.256,41.2739,35.2952,39.1629,34.6358,37.1508,42.563,31.6976,41.315,33.4325,30.4445,32.7451,36.623,35.8797,33.3268,34.6302,40.7658,
32.6529,36.1703,38.0898,38.5246,37.0419,41.2333,37.8025,37.9856,39.3491,33.7181,39.8191,34.8266,34.351,38.0774,34.9937,35.5277,34.8656,37.019,39.783,38.4077,35.7573,40.8336,37.4659,36.272,35.3706,37.9096,33.7941,36.6053,35.1555,38.1655,35.9692,32.512,38.9145,37.4808,37.5227,40.7598,35.4958,38.0906,37.9639,35.8684,38.2994,38.7051,37.0172,36.939,35.2674,35.9156,38.721,39.0388,39.7028,41.5354,38.1035,36.1392,33.6658,38.4859,33.353,37.5314,40.7828,31.9815,35.299,38.4823,35.0799,39.4036,37.6026,40.1288,
40.0485,37.6224,34.6683,32.9851,34.1242,34.2791,38.1997,35.291,36.1387,37.7318,35.0629,39.5007,37.1435,34.2562,34.0079,38.6881,36.627,35.1857,37.8423,40.2072,39.7522,43.7843,37.3499,35.0231,35.8322,41.5983,41.2439,35.8177,37.9157,36.2421,36.3662,38.7601,35.1481,35.0714,35.2144,37.6195,37.6344,34.5233,37.4401,37.0631,35.4922,36.7333,37.5048,34.2028,39.6423,34.4649,37.408,34.5098,37.3316,35.1351,32.9108,33.2035,38.529,34.8633,39.7257,36.5015,31.9564,
33.0071,35.5982,35.9214,38.8943,37.6591,37.6152,35.7942,40.0561,35.8516,39.9683,31.3858,33.2842,37.9682,41.5031,35.1938,33.9628,37.1658,38.8704,36.513,35.6584,36.7554,33.733,38.2819,38.1827,34.1469,35.2037,42.907,33.2821,34.6619,40.4155,35.5661,37.8629,35.987,36.6215,36.0396,38.0948,37.1991,38.3294,31.229,33.5586,35.3974,41.7023,38.927,33.6843,37.0853,40.4204,38.8076,35.0218,35.3252,36.4775,35.2752,37.4653,36.6729,38.6283,
35.7895,34.9207,33.6328,36.2939,30.1291,36.4339,31.5691,39.1669,37.628,40.5067,33.6656,34.3982,37.0259,37.1699,35.0485,36.3926,33.2431,43.2316,36.0057,39.5336,34.1316,36.5151,39.7566,33.6911,38.8944,35.4926,31.6468,37.86,34.6074,36.9646,36.4938,38.4173,34.6312,36.6297,36.9289,40.1487,36.5584,40.8593,40.8584,36.0266,36.5594,40.6709,37.2965,39.7605,34.9939,34.2902,34.1115,39.8345,34.9539,32.6082,39.8588,37.6376,35.8791,32.4064,38.0972,37.3719,38.1,42.0267,34.0755,40.4726,
29.999,37.8823,34.6106,40.1794,40.3518,35.2882,41.357,40.0754,35.3849,39.2318,34.8184,36.6215,38.5507,41.6882,34.6276,39.4483,36.7681,36.0274,38.6768,37.1413,33.5084,39.0514,38.786,36.7624,32.8897,38.9227,39.0988,33.9691,35.1395,36.7676,37.0486,32.2456,38.5901,35.3169,35.8217,40.0014,38.0764,38.8812,36.1895,40.3511,39.3931,39.4792,37.8478,37.1026,35.0217,37.7927,30.5982,35.4942,36.3899,36.7575,37.8974,35.9792,34.7621,37.2545,33.2322,40.8884,35.5535,37.9587,35.1059,35.1596,35.74,37.8922,33.5685,37.3615,38.8939,38.4938,36.688,
34.4607,32.3687,36.2601,35.7535,39.6071,40.4335,39.2835,29.5734,37.0366,31.738,39.1135,37.88,36.8888,37.3081,32.9903,39.1594,35.9038,33.2108,38.2601,33.8039,39.7835,34.0784,41.7751,39.8649,37.0592,35.4769,38.1358,41.7095,42.3923,39.0714,38.3385,36.0197,39.2841,38.4859,39.1759,37.8289,38.7743,38.5375,34.4703,39.2431,38.5968,35.9528,39.6661,36.4283,38.776,34.4746,37.9677,34.6499,36.8166,32.2448,36.8915,38.6326,36.0019,38.9676,38.2077,38.1245,36.4497,38.0116,36.5124,
35.9753,37.5919,33.43,43.3792,37.0752,38.8884,33.3938,33.628,31.4143,38.3912,38.2494,40.2599,37.949,37.341,36.1605,33.8271,38.8939,37.743,34.597,28.3877,37.2273,37.5584,34.8247,34.5635,37.7515,36.7746,39.9976,41.4107,33.4252,35.554,30.9821,38.5972,36.4556,40.0617,35.1744,36.8169,34.7694,37.7251,42.4448,39.6237,37.526,40.005,32.7692,36.8769,33.4733,39.0477,
35.8194,41.2672,35.9923,34.0227,37.0733,36.2583,38.8558,38.1286,42.6004,35.2069,34.6873,40.3476,31.9287,34.1449,38.768,32.3771,33.947,39.4517,41.9725,36.4161,41.0657,38.173,32.5696,36.9109,37.641,34.5311,35.8977,42.3811,40.896,35.37,37.5384,39.398,36.1269,33.4372,37.063,38.6833,36.5123,42.5584,39.8253,38.6731,36.8533,42.9468,41.1606,37.0806,35.4628,40.8038,38.2093,41.2354,35.2336,30.2883,38.5551,36.6647,39.1603,33.901,37.0224,37.5674,35.2185,33.3489,39.0461,35.7026,37.3676,35.0111,33.3956,38.8114,36.422,42.1814,43.0043,
38.0134,36.4422,34.9149,41.6342,39.3579,33.7978,39.1654,36.2042,38.0206,35.567,34.551,38.3135,33.0017,40.8539,38.1563,31.7657,38.9249,37.9354,37.5199,41.2412,38.7249,33.9564,35.9829,37.9819,37.3219,37.0372,39.2882,35.1931,35.0776,38.8015,35.5859,35.1153,32.7667,39.6021,33.4,34.8841,40.2423,35.5986,36.869,42.5629,38.8361,38.9745,35.7026,44.0378,40.1478,41.3199,42.6246,36.2272,41.7536,40.9767,39.7664,37.3305,33.2855,37.8215,40.3582,42.1402,34.6313,35.1253,39.4373,39.7458,36.4309,33.9604,38.2372,39.1786,33.6351,35.2137,
36.3615,32.9551,35.6215,38.7334,32.4735,31.2984,36.6457,32.0828,32.7745,36.6552,33.7973,36.7993,37.5658,35.9712,36.2304,33.4462,33.8296,36.7017,39.5595,38.3991,40.6279,33.0819,35.2257,36.0366,34.0248,34.532,34.6704,43.1251,31.4727,38.7034,34.2916,35.6463,34.8034,38.0906,39.4992,38.1637,34.627,35.2489,35.5692,39.1173,38.2324,40.3703,37.1464,33.6036,33.107,38.1092,37.2702,40.0227,41.3892,36.725,34.5118,32.3251,35.8205,33.128,36.9617,32.2966,35.6358,41.5365,37.7153,31.5534,35.3904,38.6742,40.799,39.1263,38.9875,34.1866,
39.8353,42.4588,39.2098,36.58,33.7611,39.0084,37.7479,37.2191,37.3538,32.3369,33.1412,40.8688,36.4062,39.4129,38.6536,36.4069,41.0792,36.9958,35.9127,35.3923,37.5262,38.0927,38.6742,34.1626,39.458,38.6806,39.7849,36.3941,37.8257,38.5245,33.2329,33.933,36.2265,37.0268,32.301,38.5657,34.0017,38.2901,42.2772,36.369,37.496,32.0759,35.1823,38.4435,38.3742,40.2956,39.9863,37.0166,32.7914,36.3241,38.4287,32.9763,37.8258,39.9496,35.8876,34.9061,35.0717,37.5044,42.5399,34.848,38.8987,44.9004,40.8737,39.6318,36.9576,
38.1278,37.6075,37.4166,34.4002,38.3188,38.4422,33.1661,37.9653,37.0859,38.3881,37.8822,35.4125,34.3729,35.9611,35.0043,32.3456,39.6428,40.0871,36.1948,39.9957,35.7387,38.4535,40.4817,38.7466,37.7345,35.7583,38.2212,37.878,40.7272,34.681,39.255,34.5142,36.1409,35.5041,38.6961,37.6042,37.7193,39.3895,36.9891,40.7527,41.4058,39.8893,37.75,39.946,38.664,38.944,35.6926,38.0804,33.1088,32.9245,35.5207,37.7088,32.3092,41.3313,36.0794,38.7137,
37.1982,33.504,40.5604,38.7598,36.2636,39.4132,35.8358,34.4346,34.7062,39.2716,37.8886,39.7076,39.1751,36.0053,37.813,39.6319,29.3365,41.4154,38.7928,40.8859,36.9548,39.1952,37.8374,39.4478,33.0061,35.1313,36.6073,38.0324,36.1471,33.1233,38.2016,37.3852,38.6135,35.9047,36.5106,38.0776,37.6572,37.4254,37.405,36.0172,42.3248,37.1993,37.5257,36.2027,39.2581,34.2895,41.9453,37.0077,44.4169,31.9035,35.7143,36.8363,32.4238,34.9563,39.008,41.5991,34.3505,38.2278,39.305,39.1654,37.1607,34.969,38.6493,31.9743,42.9857,37.9184,
41.4724,37.1684,35.1161,36.772,39.7831,37.1097,33.9627,37.3951,34.8866,36.5213,37.9717,38.295,36.4325,30.8937,30.9513,32.8366,35.9853,41.8591,39.4196,38.9646,34.9825,39.0233,38.0495,39.1099,38.6855,39.167,31.059,33.9458,39.6117,36.8792,36.6581,38.5297,39.569,36.2017,36.545,37.8862,38.2918,41.4555,35.6898,33.4542,37.1505,39.4684,36.9878,35.0175,33.0727,34.5425,39.6607,35.5773,38.6111,35.8187,40.5833,34.1836,31.8885,37.4303,35.1792,33.2639,36.3613,36.4725,36.732,36.5998,36.3415,43.2941,34.326,31.7955,
