154,227,202,149,147,168,200,212,194,174,179,175,189,208,205,184,156,301,194,206,209,191,222,156,150,122,197,254,230,220,238,287,288,195,236,281,283,200,255,330,212,221,283,245,247,355,306,352,
201,217,234,180,237,241,217,195,188,196,241,218,210,236,243,204,176,300,218,231,264,313,279,168,216,193,220,196,223,215,257,268,271,274,213,159,193,192,273,286,297,331,241,292,264,270,317,303,
154,227,202,149,147,168,200,212,194,174,179,175,189,208,205,184,156,301,194,206,209,191,222,156,150,122,197,254,230,220,238,287,288,195,236,281,283,200,255,330,212,221,283,245,247,355,306,352,
154,227,202,149,147,168,200,212,194,174,179,175,189,208,205,184,156,301,194,206,209,191,222,156,150,122,197,254,230,220,238,287,288,195,236,281,283,200,255,330,212,221,283,245,247,355,306,352,
201,217,234,180,237,241,217,195,188,196,241,218,210,236,243,204,176,300,218,231,264,313,279,168,216,193,220,196,223,215,257,268,271,274,213,159,193,192,257,311,243,364,337,305,279,360,
163,194,187,129,171,154,152,162,139,132,195,180,200,208,189,186,179,262,163,213,161,209,157,164,196,177,262,256,232,213,224,259,254,228,208,169,192,245,255,263,203,331,223,191,229,231,225,264,
229,210,192,141,161,191,199,177,159,151,234,215,221,229,201,185,160,234,196,208,210,176,184,130,218,204,217,195,251,246,280,287,359,268,243,182,259,203,243,335,247,355,242,249,283,250,260,
201,217,234,180,237,241,217,195,188,196,241,218,210,236,243,204,176,300,218,231,264,313,279,168,216,193,220,196,223,215,257,268,271,274,213,159,193,192,257,311,243,364,337,305,279,360,
154,227,202,149,147,168,200,212,194,174,179,175,189,208,205,184,156,301,194,206,209,191,222,156,150,122,197,254,230,220,238,287,288,195,236,281,283,200,255,330,212,221,283,245,247,355,306,352,
201,217,234,180,237,241,217,195,188,196,241,218,210,236,243,204,176,300,218,231,264,313,279,168,216,193,220,196,223,215,257,268,271,274,213,159,193,192,273,286,297,331,241,292,264,270,317,303,
229,210,192,141,161,191,199,177,159,151,234,215,221,229,201,185,160,234,196,208,210,176,184,130,218,204,217,195,251,246,280,287,359,268,243,182,259,203,243,335,247,355,242,249,283,250,260,
201,217,234,180,237,241,217,195,188,196,241,218,210,236,243,204,176,300,218,231,264,313,279,168,216,193,220,196,223,215,257,268,271,274,213,159,193,192,257,311,243,364,337,305,279,360,
201,217,234,180,237,241,217,195,188,196,241,218,210,236,243,204,176,300,218,231,264,313,279,168,216,193,220,196,223,215,257,268,271,274,213,159,193,192,257,311,243,364,337,305,279,360,
154,227,202,149,147,168,200,212,194,174,179,175,189,208,205,184,156,301,194,206,209,191,222,156,150,122,197,254,230,220,238,287,288,195,236,281,283,200,255,330,212,221,283,245,247,355,306,352,
154,227,202,149,147,168,200,212,194,174,179,175,189,208,205,184,156,301,194,206,209,191,222,156,150,122,197,254,230,220,238,287,288,195,236,281,283,200,255,330,212,221,283,245,247,355,306,352,
201,217,234,180,237,241,217,195,188,196,241,218,210,236,243,204,176,300,218,231,264,313,279,168,216,193,220,196,223,215,257,268,271,274,213,159,193,192,273,286,297,331,241,292,264,270,317,303,
163,194,187,129,171,154,152,162,139,132,195,180,200,208,189,186,179,262,163,213,161,209,157,164,196,177,262,256,232,213,224,259,254,228,208,169,192,245,255,263,203,331,223,191,229,231,225,264,
154,227,202,149,147,168,200,212,194,174,179,175,189,208,205,184,156,301,194,206,209,191,222,156,150,122,197,254,230,220,238,287,288,195,236,281,283,200,255,330,212,221,283,245,247,355,306,352,
201,217,234,180,237,241,217,195,188,196,241,218,210,236,243,204,176,300,218,231,264,313,279,168,216,193,220,196,223,215,257,268,271,274,213,159,193,192,257,311,243,364,337,305,279,360,
163,194,187,129,171,154,152,162,139,132,195,180,200,208,189,186,179,262,163,213,161,209,157,164,196,177,262,256,232,213,224,259,254,228,208,169,192,245,255,263,203,331,223,191,229,231,225,264,
158,225,250,201,267,244,251,247,193,227,218,235,237,250,220,133,224,201,208,220,177,262,229,158,157,193,237,196,246,238,234,250,277,261,209,155,184,207,193,244,295,374,317,285,300,277,305,
229,210,192,141,161,191,199,177,159,151,234,215,221,229,201,185,160,234,196,208,210,176,184,130,218,204,217,195,251,246,280,287,359,268,243,182,259,203,243,335,247,355,242,249,283,250,260,
163,194,187,129,171,154,152,162,139,132,195,180,200,208,189,186,179,262,163,213,161,209,157,164,196,177,262,256,232,213,224,259,254,228,208,169,192,245,255,263,203,331,223,191,229,231,225,264,
229,210,192,141,161,191,199,177,159,151,234,215,221,229,201,185,160,234,196,208,210,176,184,130,218,204,217,195,251,246,280,287,359,268,243,182,259,203,243,335,247,355,242,249,283,250,260,
229,210,192,141,161,191,199,177,159,151,234,215,221,229,201,185,160,234,196,208,210,176,184,130,218,204,217,195,251,246,280,287,359,268,243,182,259,203,243,335,247,355,242,249,283,250,260,
163,194,187,129,171,154,152,162,139,132,195,180,200,208,189,186,179,262,163,213,161,209,157,164,196,177,262,256,232,213,224,259,254,228,208,169,192,245,255,263,203,331,223,191,229,231,225,264,
158,225,250,201,267,244,251,247,193,227,218,235,237,250,220,133,224,201,208,220,177,262,229,158,157,193,237,196,246,238,234,250,277,261,209,155,184,207,193,244,295,374,317,285,300,277,305,
201,217,234,180,237,241,217,195,188,196,241,218,210,236,243,204,176,300,218,231,264,313,279,168,216,193,220,196,223,215,257,268,271,274,213,159,193,192,257,311,243,364,337,305,279,360,
201,217,234,180,237,241,217,195,188,196,241,218,210,236,243,204,176,300,218,231,264,313,279,168,216,193,220,196,223,215,257,268,271,274,213,159,193,192,257,311,243,364,337,305,279,360,
163,194,187,129,171,154,152,162,139,132,195,180,200,208,189,186,179,262,163,213,161,209,157,164,196,177,262,256,232,213,224,259,254,228,208,169,192,245,255,263,203,331,223,191,229,231,225,264,
