202,256,260,268,267,340,334,323,264,274,307,237,237,246,310,341,332,351,298,285,260,269,349,366,403,441,341,299,271,305,324,257,258,247,194,185,188,181,241,349,302,293,292,288,279,215,339,357,346,401,338,340,393,473,387,330,388,508,445,448,424,387,405,440,440,
267,275,267,293,303,275,324,316,289,281,288,251,258,250,303,278,288,349,322,310,307,314,343,355,366,407,375,330,301,292,322,314,310,313,218,207,248,323,247,318,271,256,319,357,368,330,354,382,331,353,334,336,443,407,401,339,343,440,389,403,406,380,391,449,474,
202,256,260,268,267,340,334,323,264,274,307,237,237,246,310,341,332,351,298,285,260,269,349,366,403,441,341,299,271,305,324,257,258,247,194,185,188,181,241,349,302,293,292,288,279,215,339,357,346,401,338,340,393,473,387,330,388,508,445,448,424,387,405,440,440,
202,256,260,268,267,340,334,323,264,274,307,237,237,246,310,341,332,351,298,285,260,269,349,366,403,441,341,299,271,305,324,257,258,247,194,185,188,181,241,349,302,293,292,288,279,215,339,357,346,401,338,340,393,473,387,330,388,508,445,448,424,387,405,440,440,
267,275,267,293,303,275,324,316,289,281,288,251,258,250,303,278,288,349,322,310,307,314,343,355,366,407,375,330,301,292,322,314,310,313,218,207,248,323,247,318,271,256,319,357,368,330,354,382,331,353,334,336,427,410,399,352,354,346,442,445,416,415,423,425,474,
224,227,218,248,296,290,317,286,236,250,325,197,261,237,299,293,291,296,270,257,375,307,397,379,415,412,302,287,269,309,320,252,310,280,213,241,307,297,244,353,301,294,337,293,329,309,378,374,342,352,289,329,420,370,382,318,420,449,389,385,391,366,400,473,438,
223,229,233,267,269,323,317,278,247,289,325,272,273,234,226,346,345,341,299,289,266,256,333,360,384,390,231,305,278,304,320,250,232,318,270,262,305,302,370,376,331,318,330,370,407,377,381,405,332,362,313,393,440,438,432,380,463,465,418,421,420,388,426,468,
267,275,267,293,303,275,324,316,289,281,288,251,258,250,303,278,288,349,322,310,307,314,343,355,366,407,375,330,301,292,322,314,310,313,218,207,248,323,247,318,271,256,319,357,368,330,354,382,331,353,334,336,427,410,399,352,354,346,442,445,416,415,423,425,474,
202,256,260,268,267,340,334,323,264,274,307,237,237,246,310,341,332,351,298,285,260,269,349,366,403,441,341,299,271,305,324,257,258,247,194,185,188,181,241,349,302,293,292,288,279,215,339,357,346,401,338,340,393,473,387,330,388,508,445,448,424,387,405,440,440,
267,275,267,293,303,275,324,316,289,281,288,251,258,250,303,278,288,349,322,310,307,314,343,355,366,407,375,330,301,292,322,314,310,313,218,207,248,323,247,318,271,256,319,357,368,330,354,382,331,353,334,336,443,407,401,339,343,440,389,403,406,380,391,449,474,
223,229,233,267,269,323,317,278,247,289,325,272,273,234,226,346,345,341,299,289,266,256,333,360,384,390,231,305,278,304,320,250,232,318,270,262,305,302,370,376,331,318,330,370,407,377,381,405,332,362,313,393,440,438,432,380,463,465,418,421,420,388,426,468,
267,275,267,293,303,275,324,316,289,281,288,251,258,250,303,278,288,349,322,310,307,314,343,355,366,407,375,330,301,292,322,314,310,313,218,207,248,323,247,318,271,256,319,357,368,330,354,382,331,353,334,336,427,410,399,352,354,346,442,445,416,415,423,425,474,
267,275,267,293,303,275,324,316,289,281,288,251,258,250,303,278,288,349,322,310,307,314,343,355,366,407,375,330,301,292,322,314,310,313,218,207,248,323,247,318,271,256,319,357,368,330,354,382,331,353,334,336,427,410,399,352,354,346,442,445,416,415,423,425,474,
202,256,260,268,267,340,334,323,264,274,307,237,237,246,310,341,332,351,298,285,260,269,349,366,403,441,341,299,271,305,324,257,258,247,194,185,188,181,241,349,302,293,292,288,279,215,339,357,346,401,338,340,393,473,387,330,388,508,445,448,424,387,405,440,440,
202,256,260,268,267,340,334,323,264,274,307,237,237,246,310,341,332,351,298,285,260,269,349,366,403,441,341,299,271,305,324,257,258,247,194,185,188,181,241,349,302,293,292,288,279,215,339,357,346,401,338,340,393,473,387,330,388,508,445,448,424,387,405,440,440,
267,275,267,293,303,275,324,316,289,281,288,251,258,250,303,278,288,349,322,310,307,314,343,355,366,407,375,330,301,292,322,314,310,313,218,207,248,323,247,318,271,256,319,357,368,330,354,382,331,353,334,336,443,407,401,339,343,440,389,403,406,380,391,449,474,
224,227,218,248,296,290,317,286,236,250,325,197,261,237,299,293,291,296,270,257,375,307,397,379,415,412,302,287,269,309,320,252,310,280,213,241,307,297,244,353,301,294,337,293,329,309,378,374,342,352,289,329,420,370,382,318,420,449,389,385,391,366,400,473,438,
202,256,260,268,267,340,334,323,264,274,307,237,237,246,310,341,332,351,298,285,260,269,349,366,403,441,341,299,271,305,324,257,258,247,194,185,188,181,241,349,302,293,292,288,279,215,339,357,346,401,338,340,393,473,387,330,388,508,445,448,424,387,405,440,440,
267,275,267,293,303,275,324,316,289,281,288,251,258,250,303,278,288,349,322,310,307,314,343,355,366,407,375,330,301,292,322,314,310,313,218,207,248,323,247,318,271,256,319,357,368,330,354,382,331,353,334,336,427,410,399,352,354,346,442,445,416,415,423,425,474,
224,227,218,248,296,290,317,286,236,250,325,197,261,237,299,293,291,296,270,257,375,307,397,379,415,412,302,287,269,309,320,252,310,280,213,241,307,297,244,353,301,294,337,293,329,309,378,374,342,352,289,329,420,370,382,318,420,449,389,385,391,366,400,473,438,
206,257,261,272,315,281,373,336,297,272,307,250,265,345,325,303,336,346,321,340,275,356,321,346,413,301,479,320,337,322,331,263,269,251,206,184,184,190,313,309,333,324,322,299,339,308,343,376,305,338,281,361,387,392,406,373,450,479,425,425,405,374,430,427,484,467,
223,229,233,267,269,323,317,278,247,289,325,272,273,234,226,346,345,341,299,289,266,256,333,360,384,390,231,305,278,304,320,250,232,318,270,262,305,302,370,376,331,318,330,370,407,377,381,405,332,362,313,393,440,438,432,380,463,465,418,421,420,388,426,468,
224,227,218,248,296,290,317,286,236,250,325,197,261,237,299,293,291,296,270,257,375,307,397,379,415,412,302,287,269,309,320,252,310,280,213,241,307,297,244,353,301,294,337,293,329,309,378,374,342,352,289,329,420,370,382,318,420,449,389,385,391,366,400,473,438,
223,229,233,267,269,323,317,278,247,289,325,272,273,234,226,346,345,341,299,289,266,256,333,360,384,390,231,305,278,304,320,250,232,318,270,262,305,302,370,376,331,318,330,370,407,377,381,405,332,362,313,393,440,438,432,380,463,465,418,421,420,388,426,468,
223,229,233,267,269,323,317,278,247,289,325,272,273,234,226,346,345,341,299,289,266,256,333,360,384,390,231,305,278,304,320,250,232,318,270,262,305,302,370,376,331,318,330,370,407,377,381,405,332,362,313,393,440,438,432,380,463,465,418,421,420,388,426,468,
224,227,218,248,296,290,317,286,236,250,325,197,261,237,299,293,291,296,270,257,375,307,397,379,415,412,302,287,269,309,320,252,310,280,213,241,307,297,244,353,301,294,337,293,329,309,378,374,342,352,289,329,420,370,382,318,420,449,389,385,391,366,400,473,438,
206,257,261,272,315,281,373,336,297,272,307,250,265,345,325,303,336,346,321,340,275,356,321,346,413,301,479,320,337,322,331,263,269,251,206,184,184,190,313,309,333,324,322,299,339,308,343,376,305,338,281,361,387,392,406,373,450,479,425,425,405,374,430,427,484,485,
267,275,267,293,303,275,324,316,289,281,288,251,258,250,303,278,288,349,322,310,307,314,343,355,366,407,375,330,301,292,322,314,310,313,218,207,248,323,247,318,271,256,319,357,368,330,354,382,331,353,334,336,427,410,399,352,354,346,442,445,416,415,423,425,474,
267,275,267,293,303,275,324,316,289,281,288,251,258,250,303,278,288,349,322,310,307,314,343,355,366,407,375,330,301,292,322,314,310,313,218,207,248,323,247,318,271,256,319,357,368,330,354,382,331,353,334,336,427,410,399,352,354,346,442,445,416,415,423,425,474,
224,227,218,248,296,290,317,286,236,250,325,197,261,237,299,293,291,296,270,257,375,307,397,379,415,412,302,287,269,309,320,252,310,280,213,241,307,297,244,353,301,294,337,293,329,309,378,374,342,352,289,329,420,370,382,318,420,449,389,385,391,366,400,473,438,
