258,262,256,258,273,239,261,251,216,191,231,192,197,183,197,171,198,223,190,199,164,160,156,162,169,192,162,257,240,223,269,228,209,214,182,169,182,159,160,168,187,203,185,195,225,160,154,222,198,216,157,174,163,194,200,214,212,196,192,226,202,162,187,180,220,183,167,176,191,169,172,153,
197,207,210,208,223,197,219,209,158,170,174,228,220,217,220,204,240,248,217,200,165,163,157,167,172,247,154,204,188,181,204,215,191,195,173,160,182,159,177,185,211,212,185,193,229,172,200,220,243,238,207,207,196,207,210,212,212,205,192,212,197,162,198,192,199,215,167,150,156,225,249,
253,257,253,254,264,242,264,235,207,187,207,192,197,183,197,182,195,203,190,209,174,165,159,161,185,200,162,257,240,223,269,228,209,275,182,184,197,174,139,232,184,221,194,212,248,203,205,248,303,298,237,246,260,253,264,226,222,232,197,225,210,186,201,194,245,218,170,153,159,152,163,193,
197,207,210,208,223,197,219,209,158,170,174,191,196,182,196,170,197,223,190,198,163,160,156,161,168,191,178,228,221,216,215,221,202,195,189,185,192,175,243,285,238,242,242,231,281,230,224,296,257,241,188,197,175,194,210,213,224,206,186,212,197,162,198,199,206,215,160,212,218,196,229,
197,207,210,208,223,197,219,209,158,170,174,191,196,182,196,170,197,223,190,198,163,160,156,161,168,191,197,158,205,212,211,217,198,195,189,185,192,175,296,298,247,260,252,269,291,232,234,321,258,260,198,198,176,194,210,213,224,206,186,212,197,162,198,199,206,215,160,212,218,196,229,
177,220,215,229,230,205,248,224,209,221,206,192,197,183,197,182,195,203,190,209,174,165,159,169,191,204,162,257,240,223,269,228,209,275,182,178,185,178,143,164,183,199,181,191,221,156,150,218,198,267,230,230,235,233,252,217,215,212,192,232,208,172,194,188,195,201,163,149,155,225,249,
212,222,218,225,232,205,227,203,166,179,175,228,220,217,220,204,240,248,217,200,165,163,157,167,172,196,162,135,205,212,211,217,198,261,167,165,178,155,160,168,178,194,168,167,216,165,193,213,291,285,214,292,270,220,249,212,212,208,195,199,200,166,191,184,195,198,160,159,165,153,164,146,
134,183,191,193,206,194,236,206,169,194,179,191,196,182,196,170,197,223,190,198,163,167,161,161,168,191,207,168,201,184,221,201,186,173,173,160,182,159,177,185,211,212,185,193,229,172,200,220,291,285,214,292,270,220,249,212,212,208,195,199,200,166,191,184,195,198,160,148,154,152,163,142,
177,220,215,229,230,205,248,224,209,221,206,191,196,182,196,170,188,264,237,233,206,189,183,180,197,235,162,135,168,161,160,195,165,168,195,182,189,166,244,285,238,243,243,232,282,231,225,297,249,233,189,189,167,194,200,214,212,196,192,226,202,162,187,180,220,183,167,176,191,169,172,153,
134,144,229,231,266,232,262,226,223,233,238,191,196,182,196,170,188,202,231,221,206,197,191,198,225,246,207,168,189,184,221,201,190,173,167,165,178,155,139,164,181,219,213,202,238,167,187,229,297,291,220,298,276,226,255,222,218,216,193,221,206,172,197,190,201,214,166,198,215,202,
134,144,229,231,266,232,262,226,223,233,238,191,196,182,196,170,188,202,231,221,206,197,191,198,225,246,162,146,205,212,211,217,198,195,198,185,192,175,296,298,247,260,252,269,291,232,234,321,258,260,198,198,176,194,210,213,224,206,186,212,197,162,198,199,206,215,160,212,218,196,229,
134,144,229,231,266,232,262,226,223,233,238,193,189,184,198,183,196,205,236,212,197,188,182,179,210,243,154,257,240,223,269,228,209,214,158,165,178,155,139,164,181,219,213,202,238,167,187,229,243,238,207,207,196,186,212,175,173,197,176,188,189,154,179,183,201,197,152,200,217,225,
212,222,218,225,232,205,227,203,166,180,176,191,196,182,196,181,194,202,190,208,173,164,158,160,223,256,188,228,221,216,215,221,202,195,189,185,192,175,216,229,181,228,220,219,269,198,212,277,303,298,237,246,260,253,264,226,222,232,197,225,210,186,201,194,245,218,170,176,191,169,172,193,
177,220,215,229,230,205,248,224,209,221,206,192,197,183,197,171,198,223,190,199,164,168,162,172,171,194,178,204,188,181,204,215,191,182,202,189,205,194,182,209,177,215,188,204,234,163,157,225,293,287,216,294,272,222,251,212,212,210,191,195,206,171,193,187,221,200,162,176,191,169,172,193,
212,222,218,225,232,205,227,203,166,179,175,228,220,217,220,204,240,248,217,200,165,163,157,161,173,314,207,303,286,269,268,285,255,272,167,169,182,159,139,166,183,199,181,191,221,156,150,218,243,238,207,207,196,262,264,255,253,288,228,232,239,215,248,242,271,253,211,185,191,176,182,142,
258,262,256,258,273,239,261,251,216,191,231,191,196,182,196,181,194,202,190,208,173,164,158,160,223,256,240,261,232,241,261,220,201,275,182,184,197,174,139,181,178,194,168,167,216,165,193,213,198,189,157,174,152,194,200,214,212,196,192,226,202,162,187,180,220,183,167,176,191,169,172,153,
258,262,256,258,273,239,261,251,216,191,231,228,220,217,220,204,240,248,217,200,165,163,157,161,173,314,207,303,286,269,268,285,255,272,167,169,182,159,160,168,178,194,168,167,216,165,193,213,243,238,207,207,196,262,264,255,253,288,228,232,239,215,248,242,271,253,211,185,191,183,186,142,
197,207,210,208,223,197,219,209,158,170,174,191,196,182,196,170,197,223,190,198,163,160,156,161,168,191,162,135,192,209,208,214,195,195,195,182,189,166,160,168,178,216,210,205,235,164,158,226,198,216,157,174,163,170,184,185,195,202,181,185,198,159,184,188,206,212,157,148,154,152,163,193,
134,144,229,231,266,232,262,226,223,233,238,193,189,184,198,181,194,202,190,208,173,164,158,160,223,256,188,217,188,181,204,215,191,182,202,189,205,194,271,302,280,268,297,308,292,249,243,335,285,269,215,215,204,191,207,172,173,192,171,183,184,149,174,178,189,185,154,148,154,225,249,
249,253,249,250,260,238,260,231,203,183,203,205,210,196,210,206,238,240,226,202,167,165,164,162,174,198,197,158,205,212,211,217,198,195,249,236,249,257,199,273,226,231,194,194,242,203,205,248,240,224,163,180,158,194,200,214,212,196,192,226,202,162,187,180,220,183,167,150,156,157,167,193,
212,222,218,225,232,205,227,203,166,179,175,192,197,183,197,219,232,243,226,222,195,178,172,169,191,225,162,138,192,209,208,214,195,195,204,197,251,180,255,187,189,203,187,197,227,162,156,315,261,255,214,214,203,190,206,171,172,191,170,182,183,148,207,218,229,226,192,157,180,164,167,142,
212,222,218,225,232,205,227,203,166,179,175,191,196,182,196,181,194,202,231,221,206,197,191,198,225,246,162,146,192,209,208,214,195,195,173,160,182,159,177,185,211,212,185,193,229,172,200,220,198,291,230,230,235,233,252,217,215,212,192,232,208,172,194,188,195,201,163,149,155,152,166,142,
201,222,214,221,231,201,223,206,162,179,175,228,220,217,220,204,240,248,217,200,165,163,157,161,172,196,197,158,179,174,190,191,166,168,189,185,192,175,263,270,273,261,262,251,301,242,236,327,278,262,199,208,197,207,210,212,212,205,192,212,197,162,198,192,199,215,167,199,216,203,
253,257,253,254,264,242,264,235,207,187,207,228,220,217,220,204,240,248,217,200,165,163,157,167,223,248,187,178,185,168,191,202,172,172,198,185,192,175,155,238,219,228,201,211,247,202,196,238,297,291,220,298,276,226,255,222,218,216,193,221,206,172,197,190,201,214,166,149,155,159,170,142,
212,222,218,225,232,205,227,203,166,180,176,191,196,182,196,181,194,202,190,208,173,164,158,168,190,203,207,168,201,184,221,201,186,173,203,199,212,244,315,291,247,268,242,291,275,220,234,321,258,260,198,198,176,194,210,213,224,206,186,212,197,162,198,199,206,215,160,150,156,225,249,
212,222,218,225,232,205,227,203,166,179,175,228,220,217,220,204,240,248,217,200,165,163,157,161,172,313,206,302,285,268,267,273,276,265,159,168,181,158,243,285,238,242,242,231,281,230,224,296,257,241,188,197,175,190,206,171,172,179,180,184,193,158,183,187,205,201,163,149,155,152,166,142,
201,222,214,221,231,201,223,206,162,179,175,191,196,182,196,170,197,223,190,198,163,160,156,166,168,191,162,135,192,209,208,214,195,195,200,187,203,192,216,229,181,228,220,219,269,198,212,277,262,257,196,196,183,190,206,169,162,191,170,182,183,148,173,177,188,184,153,152,158,152,168,142,
177,220,215,229,230,205,248,224,209,218,203,211,194,189,203,196,198,311,270,260,234,236,240,257,256,283,196,151,178,173,189,190,168,168,155,165,178,155,139,232,184,221,194,212,248,203,205,248,240,224,163,180,158,170,194,185,195,202,181,185,198,159,184,188,206,212,157,148,154,225,249,
212,222,218,225,232,205,227,203,166,179,175,192,197,183,197,219,232,243,226,222,195,178,172,169,191,225,207,168,201,184,221,201,237,213,157,165,178,155,160,168,187,203,185,195,225,160,154,222,243,238,207,207,196,207,210,212,212,205,192,212,197,162,198,192,199,215,167,150,156,154,170,142,
249,253,249,250,260,238,260,231,203,189,209,192,197,183,197,182,195,203,190,209,174,165,159,161,185,200,162,135,168,161,160,195,173,162,155,155,177,154,160,168,187,203,185,195,225,160,154,222,198,291,230,230,235,233,252,217,215,212,192,232,208,172,194,188,195,201,163,197,214,201,
