107,128,147,179,189,168,257,127,187,189,205,322,372,330,361,359,236,263,421,381,384,258,226,278,298,360,362,382,477,480,538,534,504,510,506,514,
136,121,180,215,240,384,378,412,408,455,591,698,674,674,727,693,735,683,661,766,818,781,758,681,745,615,633,606,553,651,597,808,
87,157,125,134,173,152,134,123,242,268,334,326,228,266,211,366,201,160,172,222,276,216,359,356,239,308,268,242,247,262,260,
98,96,78,79,70,114,138,321,328,333,364,399,386,531,466,429,439,430,328,379,383,402,555,558,506,518,396,521,518,526,636,692,651,634,678,620,611,577,
116,104,119,106,102,181,319,421,413,449,468,486,412,497,523,522,546,497,461,568,524,443,438,402,539,536,582,517,496,403,407,374,395,412,384,359,404,462,546,509,475,460,468,514,579,
83,118,142,191,232,267,139,252,176,102,169,284,292,283,428,406,350,393,390,409,404,480,417,471,506,470,421,404,416,376,399,428,498,442,462,480,479,430,323,306,333,341,359,317,319,
231,217,278,211,179,233,210,210,234,255,246,208,224,181,185,243,106,113,108,176,209,141,168,156,142,144,222,195,356,333,388,393,415,369,394,368,359,331,304,360,350,296,386,358,311,
157,176,206,222,275,232,165,155,164,171,239,264,210,280,260,253,251,166,152,186,184,255,404,381,246,79,87,161,129,
280,302,232,380,379,369,366,368,349,365,439,433,441,395,375,449,353,410,402,428,351,377,475,403,390,429,468,307,312,274,289,366,387,354,390,365,344,358,395,521,517,
129,81,107,148,157,182,211,228,214,206,214,156,245,180,179,149,92,133,104,137,165,109,140,76,305,294,437,520,492,593,
85,114,206,279,291,287,305,292,302,292,266,171,86,294,260,288,320,309,286,276,295,393,380,384,504,439,373,366,356,384,351,397,360,374,427,514,531,429,430,315,376,384,
149,179,169,219,188,205,165,176,163,203,231,254,300,283,380,384,377,334,366,318,289,323,264,342,338,332,350,383,465,522,474,353,322,342,338,343,350,353,400,
79,79,145,167,315,468,438,425,544,519,528,575,671,634,613,565,701,811,900,907,906,818,751,758,715,713,756,725,745,839,819,911,937,930,
170,228,233,227,584,697,690,849,1011,940,957,1054,988,1069,1026,1017,1060,1100,1118,1123,1122,1173,1290,
117,258,312,343,403,365,344,705,701,809,960,839,814,869,910,910,884,865,949,1010,1009,1086,1073,1013,971,856,810,880,847,
104,250,249,244,405,419,438,448,520,529,598,658,647,756,790,795,815,804,822,794,903,843,956,954,1035,1047,1067,1073,1183,1007,
78,89,90,108,132,179,199,208,257,280,312,382,422,438,391,370,359,239,152,151,135,182,173,120,319,349,372,375,377,374,369,382,336,385,441,519,430,467,426,476,440,420,442,
120,156,150,146,122,114,171,168,175,143,256,220,218,269,264,293,389,350,313,476,471,595,612,607,607,637,626,787,895,885,
93,92,84,113,113,133,126,129,125,244,252,219,199,209,169,173,126,153,135,283,322,280,415,442,464,466,406,414,474,405,491,576,599,586,687,678,677,695,670,
223,212,101,107,289,233,299,240,250,261,231,231,330,331,249,234,244,194,282,274,328,283,297,303,318,201,188,262,205,151,171,175,209,181,209,235,147,174,274,261,271,
167,283,274,440,351,398,454,494,640,993,952,992,956,872,883,1139,1095,1091,1072,1073,1081,1051,1175,1198,1233,1218,1214,1256,1282,
107,93,136,280,439,440,390,392,486,490,560,594,597,653,626,670,677,673,582,515,628,528,562,629,550,557,543,555,566,603,636,
148,121,288,276,302,256,229,237,374,352,380,360,375,655,587,498,615,577,736,759,743,899,1009,978,950,762,867,877,854,865,
242,293,343,434,357,362,413,362,345,442,445,447,451,444,399,353,419,417,417,446,434,486,288,320,380,384,660,724,596,637,626,686,
100,141,99,106,151,107,139,408,451,485,477,810,903,941,971,925,939,900,914,895,888,787,727,745,759,731,674,676,
129,238,231,243,232,460,448,515,556,582,542,647,675,796,817,627,623,558,553,399,510,661,605,696,
141,111,95,134,147,163,193,184,245,159,215,228,201,125,103,144,180,212,216,96,159,100,167,211,202,231,255,360,359,361,353,372,261,245,196,202,188,273,238,239,216,223,
229,216,195,161,130,107,98,239,233,323,327,225,211,211,176,110,149,346,355,146,125,89,102,122,221,297,330,359,329,411,345,355,481,
108,95,95,105,117,109,129,121,210,146,135,102,126,128,275,297,288,280,340,505,516,497,531,629,465,482,455,472,491,488,476,363,343,463,499,411,395,493,513,475,488,
120,124,116,206,239,361,424,525,532,614,585,605,854,774,876,810,750,802,818,725,690,677,691,707,720,789,901,924,839,845,894,1008,724,824,816,933,921,928,880,
