26.0406,18.9498,22.3608,24.692,24.5206,22.2226,24.578,17.371,22.9375,29.4169,21.4708,23.3471,24.6709,25.3219,25.2463,28.4535,27.1471,24.5649,25.5979,15.8243,15.2515,22.5105,21.7468,20.3723,22.4197,18.9314,12.4405,21.1611,21.6612,25.1276,19.6808,25.3574,31.5504,23.2249,20.4055,25.9728,
22.8922,22.9052,30.1592,22.5599,23.7408,25.1428,29.9944,20.9159,12.717,18.0785,25.8181,27.3302,24.9746,23.32,21.8173,22.2197,21.8644,22.3476,19.9149,27.0197,23.5901,20.1156,23.2122,21.7015,21.4038,16.041,25.2746,17.4824,23.6508,18.6073,18.847,24.1612,
20.9334,18.6443,27.1458,24.737,20.6511,21.3971,17.4751,24.3755,27.0948,20.8374,22.7902,20.1302,18.4221,19.8862,17.2687,23.1734,17.3104,20.1848,18.9289,21.7638,27.8651,23.966,20.9566,20.7218,22.6397,26.9447,21.0215,27.2511,28.1337,23.4054,21.6199,
22.6612,23.166,17.4306,19.1997,17.0611,15.7275,22.8873,21.449,20.6272,17.2525,23.1287,25.2323,18.2798,23.0537,25.5773,16.6904,21.4883,25.2778,22.9654,24.6766,21.7775,21.9696,24.4502,19.3177,26.58,21.0752,20.1618,26.8192,24.8982,24.0714,18.2109,24.4277,20.6852,19.1712,26.1748,25.9917,14.3454,17.5517,
23.3989,25.4259,28.1445,21.3935,20.5529,27.7498,29.3713,23.81,22.6256,21.6924,21.5128,21.2282,25.2607,18.0061,19.1724,16.4283,26.2712,20.6347,21.64,27.416,21.1716,13.2041,20.9616,23.4402,20.0496,27.1565,28.1766,24.7114,26.1154,19.4454,19.4308,18.1111,21.9373,23.5864,19.8134,18.4339,22.8327,25.8272,28.3361,25.3003,22.6376,16.2447,19.4796,20.0533,18.5016,
20.0745,23.7417,26.5029,18.6232,21.423,23.542,16.5721,20.8063,28.0465,22.5334,23.6384,20.6068,19.7539,25.3224,20.0633,24.4914,19.0282,26.1512,20.8659,28.9328,20.4974,20.567,19.1451,21.4228,21.8579,23.3745,26.2361,23.043,26.0018,21.8159,25.1152,27.7907,24.564,21.0164,29.2273,23.847,22.3834,17.4681,24.5626,24.5702,25.3964,18.65,20.4315,20.6079,23.3356,
21.9099,20.9344,18.5812,21.1636,26.5627,25.0088,24.8975,18.9861,26.2639,22.6646,22.6737,22.158,27.7047,19.9957,17.3615,20.3611,21.6293,20.0488,21.605,24.8774,22.0923,22.3753,24.4788,24.9066,24.1267,19.791,22.9078,17.6531,27.509,20.9781,25.2723,25.6682,20.3245,20.9182,27.6459,21.0283,24.3939,20.9794,21.4277,17.6691,22.7762,17.4643,17.0475,24.0832,23.1111,
24.1391,19.7372,22.9871,24.1321,21.7194,18.2658,21.5637,22.836,24.1286,24.3994,22.9391,24.1388,28.8051,19.6687,25.2805,24.3582,19.1154,20.4914,17.6517,23.9811,23.4677,29.0175,23.4849,25.7513,23.0068,19.1341,16.8239,27.8856,21.5627,
25.4579,19.894,19.9416,18.1555,23.3115,28.756,17.1936,31.0539,19.9284,18.7574,24.1348,30.7079,20.5624,23.0359,22.4612,23.1571,21.8751,21.3913,23.6029,22.2565,16.1199,28.9476,21.497,24.8801,21.0903,26.9965,30.3034,24.3339,21.9538,21.805,19.3306,27.6774,21.6352,23.7478,26.7015,23.1545,22.2543,19.7888,21.6728,25.9313,22.6992,
22.9838,19.4464,24.5979,27.9218,25.5898,21.6548,21.3899,25.0408,20.5249,25.359,24.0386,16.402,26.4333,21.9736,26.0779,27.1524,22.3869,19.4021,23.529,23.6511,23.8958,17.3896,21.6164,15.8821,26.0742,22.7367,20.8517,24.2106,21.2431,19.482,
20.6848,18.9709,22.6331,28.1691,19.3183,20.5507,24.9957,23.5585,24.3003,20.8688,25.4185,24.5434,19.5446,22.9239,17.5193,20.443,21.1201,22.1482,27.6983,21.8922,21.019,21.201,23.1658,21.1287,18.4106,19.2562,20.4899,31.5253,16.6515,23.2753,18.5094,30.7782,20.3015,26.4619,26.7098,21.7002,19.8722,21.9957,21.3496,23.9706,20.2743,20.3179,
21.0086,26.4295,24.2338,21.9446,24.1031,21.8654,26.4211,29.1775,16.1861,23.4935,19.1873,25.8453,23.3378,20.2216,23.331,24.2893,21.5155,21.5814,27.1378,23.6932,15.9862,23.4095,17.1678,17.448,18.6342,21.9659,26.0457,23.397,24.0593,23.7527,22.3587,26.9255,21.9121,25.0555,22.2761,19.9843,18.7591,23.9177,23.5431,
19.3863,19.212,20.5216,18.207,27.4794,21.4575,23.2466,22.0057,17.9215,22.1303,24.7775,24.485,25.5102,19.2932,20.6606,18.9584,26.5644,28.7115,23.7757,26.1606,28.0658,18.8405,22.9244,32.0858,26.704,26.1783,17.474,21.8924,20.5523,17.0036,25.6761,19.5228,26.9705,23.9756,
24.8449,27.5932,22.5761,15.7105,20.3695,28.532,25.7942,21.9204,26.4019,26.3962,27.2027,24.6629,19.8631,28.9685,21.8491,20.5725,22.658,22.2382,30.6844,25.6095,23.7444,27.8647,21.9444,
21.3953,19.1575,19.9973,17.0594,25.1952,27.3978,19.9087,22.2958,26.292,18.8843,21.7172,21.6722,14.675,26.3312,20.143,17.7054,21.7493,25.9286,25.3813,25.8879,19.0918,23.244,26.1549,31.0384,28.9915,21.284,22.5409,29.0141,18.9499,
16.6888,21.0863,23.4222,23.3791,24.3148,20.781,25.1909,18.9429,19.2604,24.402,26.3433,22.5634,26.7701,17.613,25.8676,16.6956,18.9078,21.1015,24.4111,25.7783,16.9867,20.1664,19.1219,23.6655,25.0258,26.1891,21.0315,18.3308,26.6985,19.7898,
18.245,18.8498,17.9133,16.2711,25.6634,21.2623,20.0867,23.197,26.6897,23.159,24.2955,19.7903,19.8409,20.3948,23.0519,19.1614,22.3977,27.606,24.8794,23.7841,28.3336,23.0891,23.2608,21.4172,29.4852,21.4155,23.7222,28.8232,24.3243,19.669,28.9356,23.9502,20.6768,23.3534,23.6274,19.5777,23.3789,23.392,22.3806,17.6186,22.2783,22.1659,17.9937,
26.666,31.0053,18.6839,21.2403,20.2162,25.1338,24.2419,28.5932,18.5941,21.363,30.4774,20.3006,23.4782,23.1366,21.1935,24.8621,29.0993,22.9633,21.7388,19.2781,13.3932,16.6651,21.3084,23.4161,18.1346,27.2813,18.5448,21.6356,22.4488,26.9632,
22.3482,20.9437,20.2931,25.2401,27.5147,25.378,27.7613,21.4934,23.9416,23.8484,17.9029,26.157,24.5821,24.1892,22.6957,19.9083,18.0438,18.8088,15.7603,20.6467,21.6335,16.743,27.7409,20.5627,22.7014,19.2928,21.6319,21.2152,20.0149,26.6462,19.8653,22.8712,26.2498,25.0537,24.4259,26.8962,34.2215,21.0496,24.3643,
24.9275,20.3483,23.1506,21.742,19.533,24.5718,20.2674,18.0926,19.0951,27.4744,20.6284,22.4234,21.2963,20.7848,15.8322,16.9926,21.6886,20.405,22.3637,24.5468,31.7751,19.3783,22.9788,19.4601,27.7009,22.4339,24.1255,22.8426,20.0171,22.9194,20.9785,16.2338,21.7848,21.9151,26.4255,24.0611,19.4276,24.5428,25.0117,24.4833,26.759,
19.3799,24.7129,25.0883,26.3472,23.9518,22.7444,19.2126,27.7191,28.5695,24.1509,21.4966,20.595,22.1581,22.75,23.3192,28.0354,26.5834,19.5735,19.2242,18.9892,22.6761,22.7882,26.4543,25.9454,24.0336,20.8993,20.074,22.731,27.0641,
23.9705,22.4206,25.6652,20.9854,27.5875,23.4794,29.717,22.5517,25.1257,21.8802,25.5643,22.3074,23.3007,21.5692,24.5732,26.3192,18.9827,24.713,19.1365,22.901,26.0522,15.1673,21.6972,25.2711,17.4218,16.2172,18.7464,17.5426,18.2163,20.609,21.3746,
29.3452,23.698,23.8392,28.2968,21.6651,20.2908,21.9536,19.3413,18.5143,19.8346,21.3175,21.0661,17.1542,26.4906,22.8003,24.2744,28.1286,25.9097,20.0459,25.381,21.5789,23.3873,21.5944,16.6058,27.9025,22.1077,26.0287,14.8556,18.7675,18.1314,
24.2317,21.56,22.1523,28.6581,20.7524,22.356,18.4961,15.5789,22.1625,22.535,24.9409,20.0593,25.0353,24.4595,18.1975,20.5175,29.2919,25.4742,19.9775,24.2829,25.0152,22.5368,19.4423,16.8368,23.731,20.2092,21.9649,28.4479,16.2046,20.7149,21.292,22.229,
24.7162,27.6676,23.0308,17.3862,21.7288,26.0159,19.6239,23.8196,18.492,23.239,17.6931,21.7794,26.997,20.1027,21.5715,28.7775,24.4207,19.1706,18.239,22.2543,21.168,22.402,22.8738,22.1093,26.8609,20.676,21.2615,22.5928,
24.5504,22.3151,28.1038,29.2479,19.5363,31.5256,19.4641,18.4659,30.944,21.9317,20.8557,20.6265,21.3697,18.6423,22.8262,20.1592,22.3021,21.5666,23.1262,26.5321,28.4931,22.2057,20.723,19.6113,
19.0701,19.6267,22.0103,27.0082,24.1517,22.9739,21.7559,20.6219,23.9344,17.7993,28.2615,22.1891,24.3798,27.1862,24.34,29.6664,22.2215,28.5016,24.5533,19.3339,20.1631,23.5521,21.5379,23.1421,23.9851,25.1283,22.4756,24.8404,20.6137,24.775,30.4772,22.0732,21.048,22.8947,27.6655,24.8632,16.2986,21.8433,23.4745,28.6489,23.54,25.4942,
31.3932,24.6856,19.7274,20.6241,20.1767,23.8763,19.0961,22.5368,21.915,23.7162,23.2746,16.4722,20.2028,17.1888,25.8603,20.1968,29.5859,25.0225,28.6804,17.9382,20.7362,19.6633,24.6546,25.5565,29.0074,24.1028,29.0641,24.4663,15.0945,22.0997,17.4166,24.6941,25.6371,
24.2255,22.6413,18.915,25.6845,26.4772,26.4852,25.3556,23.8827,22.478,27.7241,18.3314,22.7784,20.4568,19.5226,24.2671,23.2116,22.0315,18.4745,24.6845,23.6587,25.1296,24.3978,18.7398,26.8858,25.4901,19.8224,19.7698,23.94,21.3276,19.543,24.8558,26.7749,22.0695,34.6719,22.8984,29.3837,21.5224,21.1997,29.5714,23.3604,26.0185,
20.7051,20.0394,25.3613,22.5702,23.4785,23.2635,25.7529,23.1825,24.2455,22.3618,20.9724,18.3903,27.8743,21.9033,22.1539,22.1549,22.2105,21.534,18.3903,22.7343,19.4991,17.714,18.5125,22.3994,27.1285,25.7671,26.3617,25.4011,21.1879,30.6732,22.5351,30.4901,17.3514,19.6778,24.8824,23.7182,22.4287,22.2236,20.1558,
