162,191,268,265,178,210,244,236,244,368,387,404,452,414,379,402,408,405,403,420,418,330,321,381,349,338,315,331,300,302,308,309,346,390,372,402,365,447,384,429,394,361,306,444,364,354,330,319,295,304,435,449,432,350,396,413,419,492,419,409,492,533,497,493,521,599,589,593,566,484,540,564,574,
174,149,222,210,195,185,175,183,190,262,284,281,291,293,283,423,401,403,407,429,449,425,430,454,506,538,586,579,565,590,597,576,570,693,692,692,714,682,729,699,746,728,759,870,768,842,874,753,800,747,766,750,757,728,629,604,631,626,651,603,602,626,725,697,721,672,654,927,860,
200,185,191,179,178,227,249,188,144,164,190,157,153,205,187,244,285,241,267,251,302,263,210,338,303,295,256,352,302,323,291,298,315,290,340,330,319,320,315,356,297,471,320,288,334,322,362,320,306,294,289,285,331,279,267,226,243,381,361,302,267,285,297,342,371,436,430,376,346,387,370,332,239,229,240,338,198,247,
164,159,153,145,147,147,170,146,172,158,200,286,396,351,376,507,575,551,473,453,486,489,487,497,482,432,440,484,454,422,416,425,385,412,487,458,486,483,466,587,552,569,599,531,572,537,550,548,574,567,715,708,727,700,719,580,643,680,657,644,
149,144,148,190,183,207,241,290,307,268,452,412,390,417,492,499,506,554,579,555,591,554,538,468,465,435,500,561,573,599,549,537,564,498,444,420,424,443,490,497,385,405,404,396,349,360,385,382,436,452,458,439,500,499,543,565,481,564,555,554,565,558,502,584,500,568,562,547,554,697,
158,164,164,168,202,160,261,236,242,240,262,296,239,268,255,276,279,172,172,184,191,202,187,242,348,361,331,327,455,472,466,445,453,481,458,457,403,440,469,477,461,468,464,468,456,515,523,486,556,474,458,417,462,398,479,419,374,416,299,272,277,282,316,329,319,332,385,308,394,483,
140,164,271,272,290,276,234,245,294,288,306,297,309,254,322,287,227,286,232,240,222,259,196,191,165,151,261,215,209,219,250,215,193,168,158,167,151,138,203,159,207,273,376,378,374,408,405,418,397,408,426,421,470,385,378,481,501,483,489,501,578,528,483,465,323,363,329,339,329,429,
167,222,171,194,186,242,286,265,276,277,290,278,334,317,326,270,291,233,228,226,246,208,201,228,192,250,262,274,243,253,252,257,281,290,247,240,177,190,233,228,185,267,284,301,309,323,438,436,424,420,413,334,358,281,303,291,253,156,187,148,164,150,198,215,222,213,209,249,247,316,316,318,
137,228,330,292,309,312,380,417,436,428,403,389,449,464,435,445,436,403,471,468,486,497,503,519,519,462,567,549,437,445,428,503,456,444,396,431,537,479,550,489,451,446,447,451,460,317,383,336,341,309,345,319,301,383,439,410,409,422,412,501,396,526,542,534,538,579,649,582,578,
221,156,173,189,162,168,160,156,265,254,240,252,272,265,248,320,299,311,303,322,328,320,331,320,307,303,270,251,152,223,187,139,166,169,155,167,201,238,167,177,193,166,232,161,153,226,235,231,291,321,421,375,370,387,488,496,519,515,515,542,591,620,629,
147,199,167,218,203,261,253,264,305,301,278,278,300,356,341,320,338,148,160,145,171,200,237,259,285,324,316,370,335,336,352,357,375,387,475,478,458,408,404,550,531,584,608,543,564,572,596,533,569,545,542,470,430,421,447,432,450,439,385,382,439,416,530,401,432,430,431,397,412,441,
171,189,222,248,215,253,246,242,246,277,271,258,221,308,292,342,230,220,203,250,244,229,251,249,246,245,197,230,315,258,283,275,369,391,412,418,401,372,431,346,364,406,354,282,372,324,371,384,398,397,407,416,520,554,545,521,532,417,497,424,464,547,507,518,532,332,441,379,506,479,476,
159,194,185,207,255,263,348,325,331,319,345,336,370,450,407,469,429,523,582,572,531,541,480,430,449,570,525,567,683,738,737,698,690,751,856,788,732,735,814,926,935,912,906,880,823,828,817,887,856,769,786,836,783,765,749,861,867,883,908,946,935,946,930,1047,
159,163,160,166,170,167,196,178,170,174,261,347,326,318,294,242,246,292,267,382,359,415,401,651,726,729,772,829,818,850,883,860,871,1000,994,958,1007,1013,1028,1065,980,977,965,1115,1104,1071,1086,1109,1110,1111,1162,1144,1163,1190,1190,1189,1237,1176,1266,1171,1180,1293,1287,1290,1313,1317,
159,174,242,240,271,233,219,272,361,343,283,293,366,353,400,385,444,392,449,348,475,488,510,558,571,559,777,774,881,988,988,1026,1018,987,935,981,1029,953,941,1001,962,947,936,903,951,971,979,989,1018,992,1019,1040,1010,965,1040,1020,1043,1090,1082,1043,1014,917,1026,898,1020,877,912,909,
153,200,301,271,290,414,428,432,435,479,488,452,447,441,439,480,444,450,440,446,467,589,641,679,706,742,717,644,724,673,793,746,720,698,714,698,742,834,791,786,808,813,804,818,872,936,952,913,956,960,961,1005,993,963,947,940,977,936,974,1047,1072,1045,1056,1043,1149,1131,1154,1112,1141,1111,1080,
179,188,159,140,257,193,171,266,260,273,313,319,374,370,370,340,355,341,239,187,214,162,178,208,168,234,160,207,171,189,345,361,298,365,259,316,263,260,377,355,386,409,343,373,408,414,418,495,520,478,442,483,450,520,441,478,513,428,486,438,423,550,532,419,451,
159,168,146,146,135,237,191,199,185,185,202,193,190,273,254,231,216,200,342,337,331,299,279,276,327,292,295,321,535,403,386,455,407,379,362,364,384,363,351,398,407,407,495,559,586,581,565,588,588,598,606,642,617,584,614,705,759,820,830,931,925,953,970,984,971,961,
146,151,148,135,170,217,197,210,190,195,216,200,228,238,255,219,265,268,295,278,263,255,262,262,268,295,323,312,323,442,376,351,436,482,466,537,529,511,511,527,529,520,489,482,536,520,524,510,531,483,497,520,523,547,615,575,631,614,571,567,577,657,697,651,693,683,
188,224,217,237,237,273,253,199,168,178,181,149,335,295,311,296,256,273,281,322,301,310,337,452,397,315,339,312,300,284,344,365,450,413,345,327,325,251,337,333,339,302,346,354,348,342,345,350,419,246,249,212,285,281,236,262,235,284,276,258,240,257,239,240,305,270,377,337,331,342,324,343,322,290,299,
233,233,236,239,254,281,324,310,390,475,422,434,484,433,531,543,545,559,534,502,495,543,658,644,671,667,672,722,812,958,904,921,916,891,900,910,943,995,1022,955,1034,1022,997,1033,1023,1026,1098,1101,1144,1090,1094,1173,1163,1233,1200,1282,1337,1386,1277,
146,155,230,258,243,256,296,349,319,403,488,447,455,482,468,499,487,482,495,485,505,506,455,562,543,627,607,602,603,592,599,613,607,679,705,694,633,696,665,691,718,732,775,710,652,573,573,557,637,630,632,608,617,543,571,579,659,690,688,624,703,625,621,583,584,569,583,593,614,544,588,619,614,652,
169,156,184,184,192,178,153,147,205,232,256,348,365,324,337,335,293,288,406,433,389,390,388,396,375,473,462,488,592,610,683,623,613,608,648,590,601,597,582,563,783,816,725,801,870,888,894,932,943,1019,1040,1061,990,940,949,838,827,947,770,798,881,960,944,937,917,987,
193,219,386,383,387,391,318,380,382,334,433,414,442,433,412,455,396,400,436,436,460,476,473,460,401,440,439,467,521,433,504,368,471,370,441,612,697,722,695,660,675,665,681,637,661,777,808,672,746,663,681,666,807,815,818,805,783,812,830,816,809,814,796,762,733,711,753,719,762,780,747,693,
152,210,192,151,175,203,218,169,172,317,312,441,444,432,462,443,485,480,436,437,573,629,682,651,747,773,776,770,807,800,768,743,809,791,836,801,910,984,1085,1022,1092,1108,1180,1160,1134,1043,1084,1078,1062,1056,1112,954,1013,1001,1019,1040,1039,1046,1007,1036,935,938,930,813,879,823,806,930,796,785,802,814,742,741,810,752,
148,150,262,189,264,263,291,309,447,474,432,503,520,519,516,553,553,627,641,603,610,640,669,651,593,569,623,596,820,877,858,882,795,783,802,708,662,668,681,751,671,577,575,576,597,588,643,661,689,563,533,604,680,689,726,715,720,680,728,706,713,866,883,882,972,
176,206,164,178,217,133,212,195,147,152,176,203,187,236,229,247,222,250,204,240,283,286,253,238,156,169,173,142,207,163,235,229,233,242,200,242,215,229,233,285,295,278,342,328,450,425,366,355,393,303,337,345,320,311,337,220,203,236,210,250,267,334,329,302,266,246,252,
152,151,227,247,197,227,195,187,156,159,225,215,205,226,229,288,279,316,369,422,361,369,345,340,316,399,366,330,380,341,220,242,227,262,232,258,363,287,304,309,354,409,424,338,365,355,338,369,340,452,358,337,314,300,159,193,175,236,209,288,325,309,316,425,432,472,503,439,406,386,372,
144,155,155,169,169,245,257,255,218,173,211,178,198,147,163,159,234,210,208,338,405,442,494,543,519,603,532,591,645,621,615,605,630,647,660,666,655,676,628,629,574,541,518,553,536,486,479,463,488,494,545,599,508,454,481,508,423,481,446,412,399,482,576,551,556,498,557,579,
192,230,249,307,375,383,450,492,520,583,576,573,586,601,604,661,661,667,628,743,786,809,791,812,794,872,807,875,892,909,832,765,801,820,901,826,776,772,788,787,836,821,827,854,827,888,852,896,901,919,950,921,838,837,856,826,785,892,895,900,844,900,833,847,974,926,983,988,985,1002,1013,
