37.2097,39.2847,41.0402,36.5181,32.6076,33.8556,38.8225,33.5213,38.2871,38.3966,41.7833,35.8987,38.7497,34.7692,37.998,39.6126,40.5911,33.9979,34.3801,38.4656,38.5466,36.6384,33.4862,32.2422,37.9409,37.5306,33.6221,40.1617,33.5815,38.7029,36.4266,31.9874,32.9744,37.467,32.5282,36.1698,34.3322,37.8764,31.9286,37.5741,34.9916,38.2882,35.2224,39.4755,33.6341,34.7258,38.2929,35.7874,37.8603,38.3559,38.7681,40.7145,38.5405,36.2419,37.8104,37.2114,31.9488,34.3878,39.3123,36.1546,36.9255,36.8247,39.3986,34.8735,37.3498,37.9811,34.7789,35.9007,37.0057,40.1149,38.4323,37.7815,39.0718,
37.8985,33.7736,41.1727,35.9464,35.1987,37.8792,37.7173,37.6462,36.7904,38.0834,34.4486,34.4556,37.587,36.544,34.5859,39.2878,38.7064,41.3837,40.6264,42.8598,36.3351,35.0455,37.1145,33.9306,32.0673,36.3984,41.9303,34.304,35.8225,36.7382,37.4845,38.1939,32.7716,34.3686,37.6238,31.1557,38.2602,34.38,37.4728,39.1894,37.201,37.0177,35.832,35.853,32.6218,32.5599,36.3183,35.6992,40.6065,38.2355,35.0937,34.3837,38.168,32.6967,37.936,39.8939,37.2327,35.3545,36.6925,36.4457,35.6394,36.2525,36.1609,32.8839,40.6146,34.7509,36.9599,46.8718,36.9569,
34.1319,38.7987,40.4358,34.6715,40.735,32.4259,36.3753,36.1982,34.9558,38.7435,39.9673,33.4969,35.8346,40.4253,35.4478,41.5523,35.8568,35.4391,37.3027,35.3674,39.8312,36.0594,29.1174,38.595,33.6789,35.4668,36.4015,38.0458,34.3714,44.0934,38.3622,38.1348,40.6596,37.2524,41.9034,41.2196,32.4028,35.4178,37.4498,32.9486,35.0968,41.7832,38.0425,33.4592,36.0446,34.3668,36.2573,32.4221,36.3928,34.7828,36.3718,31.6719,34.6382,34.4045,35.5472,36.289,38.9099,41.5811,38.8221,32.3167,31.3904,40.3844,39.1604,37.0316,39.5965,39.3986,35.3496,32.6052,36.0739,35.3253,39.9611,39.8233,34.5321,33.4265,38.7843,34.25,33.3994,36.9565,
40.6181,39.3952,37.6212,35.5762,35.9839,36.2353,37.6742,31.7795,34.7181,35.8825,38.9305,36.0953,35.0765,38.4936,41.3856,40.2297,37.9259,36.5719,37.3703,33.9416,37.7726,42.7048,40.5084,37.8099,39.6234,32.6525,35.5882,35.9008,31.3911,40.6945,36.5525,38.671,37.7946,38.0786,33.2244,36.2932,40.4338,38.0284,35.7519,36.81,34.9751,36.0582,37.8471,37.3697,36.2872,37.2288,39.4397,35.5232,38.5581,36.2329,37.83,35.6335,36.634,33.7489,36.8504,38.9282,35.9823,41.9082,38.1847,37.902,
33.637,34.9187,33.4989,36.6398,36.173,38.9496,43.1334,36.5399,41.0182,37.0484,38.397,36.4646,36.1997,37.5225,38.2523,38.6854,35.8938,35.2152,34.6796,34.9436,37.1109,34.7093,34.2797,35.9212,38.9092,38.4016,40.2906,33.1195,36.3913,37.8103,36.3827,33.6152,40.5274,43.0783,33.6044,41.0133,35.903,37.4521,35.9143,36.8897,33.8137,36.0286,38.1606,38.0773,35.3801,38.8653,30.4635,35.2473,37.5807,38.2241,39.2452,33.5259,38.6723,33.8463,36.4391,40.7033,31.9888,38.0342,36.8128,38.6061,35.7761,36.3662,38.7233,41.3636,37.5395,36.3129,37.564,35.3326,38.3439,35.1111,
35.0739,35.2807,35.2794,36.8178,39.067,33.3842,41.0756,39.0938,34.9435,38.669,37.17,36.4133,35.8048,37.6722,36.6185,38.7877,37.4137,32.6193,36.9993,38.6831,41.6484,40.2613,34.994,32.0598,35.8057,36.3282,36.665,37.2591,37.1654,42.9136,40.4547,37.5689,37.5006,40.5155,35.4696,32.9685,34.1953,41.431,38.438,36.2407,37.2804,42.7218,39.2155,43.6583,34.415,32.3238,34.6937,35.1861,35.7604,36.9527,41.5104,38.1461,35.4138,30.9537,36.0091,37.8619,39.3322,37.3839,40.0822,40.3241,37.4318,36.5959,38.504,40.1953,35.3787,34.4971,44.9134,38.4223,40.6887,39.199,
34.483,40.364,33.9952,37.5229,36.6598,32.9288,34.9892,34.5259,37.3993,34.9877,37.6288,34.3283,33.9738,34.0684,38.3763,35.2647,38.7901,34.346,37.8061,37.4143,37.6608,39.4187,39.4568,35.8016,39.0731,32.3258,35.3576,37.8039,35.1471,37.4633,40.1637,34.3515,41.7633,35.6294,38.9562,40.0186,37.0381,33.8892,37.0006,36.1531,36.514,38.4791,40.6218,39.1569,39.1293,36.0937,39.0777,38.7894,39.438,30.0821,35.3122,38.3061,38.4892,34.0922,35.1095,35.321,38.3631,35.0924,35.2989,35.6415,38.0546,39.1528,37.1393,41.4697,34.3782,41.416,37.4046,37.3203,37.7654,35.5525,
38.4025,41.1514,35.5192,40.8652,34.0192,36.5152,40.7595,34.3027,35.866,38.7008,37.5143,36.5513,38.5756,37.7287,40.5151,41.1334,38.6784,35.6319,37.4532,37.6888,40.4113,30.4716,37.8642,39.6705,33.9679,37.1218,32.2329,37.6989,35.2546,32.0874,34.5715,35.1803,36.6224,32.0685,42.0729,35.0533,34.0439,34.5112,39.4708,35.8458,37.0619,35.8068,37.4444,36.5199,33.5818,35.4058,37.0944,39.2388,37.6318,37.5947,39.1891,37.6271,35.8057,32.8206,37.4642,33.1552,34.6678,33.0208,36.5404,35.9646,39.3924,35.0818,39.2858,37.6524,40.8755,37.4578,35.4307,39.8675,36.5432,38.6951,37.1012,35.1156,
33.7589,33.5825,40.6114,34.9517,40.6746,34.1522,35.5403,42.7209,37.4386,38.4237,35.6739,34.1067,35.0105,39.2853,39.4057,36.5434,37.5053,35.9806,37.1034,39.9321,37.9404,40.4375,38.5774,39.2905,35.5829,37.2245,41.3595,37.2698,39.155,35.2227,33.0625,39.6078,41.4439,33.7819,38.7039,40.8887,36.5966,34.0691,39.3334,34.5759,35.3979,35.7191,34.537,37.319,32.9214,34.1702,37.5545,37.8285,34.6259,36.48,39.9055,36.4707,36.6889,35.223,36.6127,38.495,34.5497,36.7586,32.4392,38.6408,33.3048,36.6611,37.1419,34.8307,40.7366,33.1178,37.1444,41.093,34.5725,
40.2869,35.1634,38.9536,39.7566,32.7586,39.3687,38.7603,36.8883,36.2555,34.702,32.6639,37.7122,35.6146,35.5598,36.619,36.9409,40.5152,35.684,33.22,35.8195,38.2878,35.8207,35.6466,33.3414,39.6832,38.4587,35.5767,39.071,30.989,40.7473,40.7959,32.499,39.2126,41.7338,36.0738,37.8251,38.555,45.6632,33.3152,37.7754,38.2164,35.1208,42.4837,34.6142,36.3581,37.6816,39.2987,36.7354,39.0664,40.5016,39.1321,38.6087,37.0828,37.4062,37.5946,42.1366,39.3821,37.7982,38.3273,37.2463,36.4793,41.9771,38.8416,
29.7956,36.1244,35.6544,39.0134,34.1708,32.4349,40.0983,39.1778,35.6848,40.6124,38.4796,34.3957,37.745,37.3056,34.3182,36.54,40.8427,33.8221,37.2529,35.5969,40.699,41.6667,36.3529,36.201,37.5779,40.9659,40.9612,35.2704,39.1733,32.839,36.6823,36.9642,39.8225,37.0408,34.5325,37.8644,35.3142,36.228,37.4957,34.3733,39.1238,37.5059,37.0798,38.2957,41.0599,37.8293,33.884,38.3175,37.5318,40.5537,37.0851,40.2524,37.5892,32.9689,38.4032,35.6301,38.9244,37.5078,36.2507,35.8995,42.035,34.9496,39.6113,34.9026,41.1919,37.1384,37.036,35.4132,38.3728,43.0786,
38.769,33.4909,38.1571,42.3336,37.9362,35.7788,35.4873,37.446,37.5288,32.8456,30.6131,37.0517,36.2717,36.8198,34.4005,39.7374,34.1131,35.8674,34.1168,42.5708,36.3552,37.5508,40.2018,39.8232,43.8483,35.6722,37.9934,37.8557,40.6211,36.3239,34.6191,32.8125,36.8596,35.7653,42.7446,42.0915,34.8634,34.2781,38.5779,42.7884,38.155,34.947,39.6406,35.9568,40.3764,36.0114,37.6506,36.4116,36.0356,36.8443,33.2362,38.8946,38.1683,36.4168,34.1821,36.9744,43.3864,38.4474,42.8375,35.4464,35.0035,38.8145,36.1696,39.7021,39.3484,35.7061,39.2319,38.0569,36.8617,36.4685,40.7097,
36.5723,32.5631,36.1151,37.2815,41.3448,34.6596,32.158,30.0972,36.7741,38.3443,36.2453,32.961,40.6451,38.17,27.9398,40.3387,38.08,36.6789,38.7801,36.5851,38.616,34.6931,37.2484,31.197,35.1743,39.1517,37.8995,37.6022,34.7973,38.3944,33.0705,37.5344,34.4744,30.8917,36.2251,40.5378,39.824,34.017,34.1693,35.5211,34.4934,35.6876,34.955,39.4571,40.3937,38.3928,35.3879,40.4486,33.9508,35.3528,38.5058,36.1309,39.3506,38.5258,40.5338,37.9432,32.2411,34.5841,41.1145,37.8502,37.2622,38.9183,40.881,35.6304,
34.8893,34.4542,35.379,36.1924,35.1991,34.4793,40.2686,35.6183,33.6319,34.5768,33.3073,38.7482,39.1409,36.9813,35.4726,35.8544,34.569,39.7829,37.3108,36.3451,41.2778,38.9567,38.5546,35.5729,38.882,35.9283,37.6683,34.8763,33.7799,36.0085,37.5144,38.1461,35.4232,40.8068,38.3244,36.2516,40.6686,35.5894,37.3882,38.8233,39.8177,37.5941,30.7072,37.4859,38.3524,35.8975,37.0516,36.0809,34.3823,36.5426,37.4583,39.1747,38.0635,35.6912,36.1008,36.7624,38.6334,33.9025,42.2824,37.8091,41.6324,39.8386,36.7252,36.1376,43.5963,36.0135,
34.1147,35.9291,34.49,37.7178,37.4615,39.4426,38.0756,38.6591,34.9062,36.3389,39.2491,34.3413,36.73,37.2107,35.4442,36.7328,37.0411,34.9134,38.8622,31.9577,36.045,33.9847,40.8222,36.3352,40.4853,34.3959,33.5376,36.4303,36.2103,35.2104,37.5381,34.7773,31.4377,39.4217,36.0955,32.6265,40.9384,39.5836,38.7988,33.5881,38.6272,35.4663,38.2052,35.5488,39.3224,41.3302,34.1206,37.5027,36.0514,33.7711,37.1346,32.9867,36.2302,36.3601,38.4851,34.1278,37.2847,35.7476,34.8124,33.258,35.2414,33.2851,36.8627,36.2003,40.2034,39.3063,35.72,36.9989,
36.4241,35.3319,36.6729,38.0979,37.3777,39.4322,37.3159,34.468,35.7714,36.1746,33.3673,36.2369,37.1855,36.1476,33.4445,38.228,37.4779,36.4557,34.3497,37.9923,39.2884,42.114,35.4814,33.8699,40.895,34.8884,36.1609,36.7538,41.0657,33.3086,34.8963,36.5781,36.8101,39.0307,39.7894,38.2559,33.8385,36.7913,39.4927,38.4927,40.2535,36.8811,33.5604,39.8965,35.1889,37.3511,40.2497,33.9826,37.381,38.7103,37.2664,33.9824,39.2877,39.4393,31.847,34.424,36.7819,33.8209,37.9215,34.9803,37.7327,39.1137,37.5174,41.5765,37.4738,33.7428,35.5006,35.9858,38.6528,38.6636,36.6247,
37.1959,35.1887,38.9616,29.4097,41.6178,34.8551,31.3337,37.6964,42.3392,40.7322,37.8148,40.6026,35.1193,35.1548,35.9064,34.422,35.4537,38.2179,35.3744,35.9825,34.9517,36.0106,40.6853,37.1744,35.6209,36.1147,37.7934,37.358,37.3667,39.2122,35.48,37.7241,29.9258,40.3171,32.6717,39.8664,41.9241,35.5255,39.9176,34.9789,33.0029,35.483,30.1809,36.1216,40.9497,40.6297,40.1666,34.65,34.9198,34.4281,36.9927,32.9308,37.7909,36.5079,35.7667,36.6974,34.1003,35.2902,41.1229,39.194,31.6006,38.3172,37.9836,33.2338,37.3407,
36.9948,41.5417,35.8612,35.6355,31.774,41.6729,31.819,35.6871,36.7568,36.8052,37.5269,38.4481,38.9364,35.8184,42.2699,35.3024,38.5396,34.1543,38.3313,40.4153,38.5271,36.2135,35.8316,37.3271,36.8963,36.915,38.6078,27.3839,39.2608,35.7679,31.8026,39.8039,39.6896,35.9505,33.9413,34.3938,37.4262,39.4351,36.472,36.243,35.4574,36.7192,33.1755,40.2285,39.1436,38.6579,36.6184,39.7601,36.0797,38.3847,38.1279,43.2847,36.3121,34.5178,39.3746,33.7364,39.4894,33.919,36.0237,40.9261,34.4866,40.1945,36.8677,37.423,37.2992,38.845,
34.3736,36.7646,35.9397,33.045,36.1813,37.9974,35.7706,39.3498,35.1713,38.3335,38.2754,38.9488,36.4784,35.5075,38.5347,38.3467,34.0325,37.0966,38.4695,37.061,39.6986,35.3568,35.6649,42.2029,36.0976,41.4818,39.4694,35.9808,41.7804,38.7176,39.4977,35.3522,33.5009,44.7802,37.0999,37.1596,41.814,38.9374,40.1193,36.6891,39.2862,34.169,34.0718,44.6724,38.7671,39.6671,38.4936,33.6754,37.4653,36.4842,36.0463,35.1738,33.8876,39.6786,39.8507,34.9796,38.6906,38.4085,38.3195,37.6944,38.0246,36.8451,36.624,29.8101,41.1204,38.1251,
35.1171,40.0291,36.6922,38.4959,34.9814,32.9155,33.9122,35.7266,37.0948,38.9941,34.584,32.1425,38.8856,32.3779,33.3715,38.9551,39.2874,42.2601,37.9162,36.6549,36.7417,39.6991,41.4592,38.5802,35.4349,35.8795,36.6835,37.9367,37.826,35.5449,37.6834,38.8705,34.5387,38.1113,37.905,37.6889,39.6288,36.1354,35.6188,38.6133,35.8461,37.4115,36.9292,33.0961,36.0109,36.873,33.3218,37.6117,39.6338,36.6433,39.3321,35.2073,38.9205,39.7157,36.4789,42.0969,38.1689,36.4601,36.9725,39.8282,38.7819,36.3138,41.7291,40.3095,39.1061,35.6869,34.6049,38.7555,33.9627,37.34,31.5285,38.6384,36.3156,31.4531,31.8826,
37.4054,40.493,37.0008,35.9755,39.8739,41.5449,36.3256,37.0616,35.8304,34.5397,41.3249,34.8476,38.2092,38.1289,32.2964,34.3261,34.9684,40.7256,39.6874,35.365,32.1027,37.5698,38.3225,38.856,31.9016,37.5666,34.8825,41.4808,40.4599,37.0123,35.2803,38.2867,37.3214,38.3533,35.774,41.7575,40.2972,36.8133,38.9604,35.793,36.266,37.852,42.24,35.1589,33.5519,39.1319,39.6652,33.2636,39.0943,37.7344,33.4949,38.0843,42.0834,38.8529,39.5849,34.7109,37.188,39.271,37.2791,
34.8161,35.3725,31.4548,39.9958,34.4834,37.8406,34.9177,41.2029,38.7467,34.99,37.3926,36.4008,38.7747,38.4763,36.0267,38.953,35.5881,37.0993,35.4121,34.7493,37.3561,37.8115,36.4218,39.9406,31.8159,35.9502,37.563,36.4785,37.0642,31.6774,34.7249,37.7128,38.1453,36.0971,39.3887,35.2731,34.3423,38.1109,40.5438,36.0762,37.1992,40.339,42.4028,34.3816,39.0404,39.0869,35.7182,36.2613,37.7458,35.2061,34.7764,38.4022,34.5861,36.8531,35.5703,38.0206,36.6198,38.6025,38.5514,37.5345,36.75,38.2438,34.8529,35.4744,36.0861,37.9409,38.6553,37.7387,32.417,34.3794,35.0419,34.5001,35.8936,39.5214,
41.6862,38.5631,41.5312,39.4006,40.9282,37.3936,35.7144,34.1653,29.8836,31.8193,38.5813,37.1647,40.0299,39.9408,38.3081,40.4046,38.3986,37.9631,37.5969,41.2945,37.4876,37.3732,40.3171,41.0571,36.8826,40.4165,36.2229,35.3824,31.7088,39.3057,41.6602,35.7165,37.5051,36.6227,34.5115,39.2087,38.7628,35.8846,38.1346,35.3913,39.9449,45.0635,30.1331,40.0546,38.1566,40.0092,33.67,39.2413,37.9231,33.1763,39.077,36.0105,38.844,28.7453,32.1319,40.4168,32.9979,36.512,35.1956,39.0826,36.2525,39.4503,38.4231,34.2377,36.3407,35.7403,
34.3113,36.3584,35.1754,37.2611,39.0758,38.2323,38.9667,38.0587,36.7732,38.9168,39.5229,35.5872,32.3339,38.6853,40.5827,34.5255,33.3608,33.8994,33.769,31.5729,37.8961,33.8709,37.8651,32.6767,34.1618,37.3676,36.0465,35.9902,35.1244,34.8697,36.9314,33.6094,38.5169,30.1962,37.2957,37.7496,35.6708,42.751,37.465,38.1359,32.9286,38.8692,34.0504,38.2236,38.5228,40.1514,39.542,37.585,34.7367,40.0019,35.0232,38.871,39.2564,40.344,31.6268,35.7925,32.6609,39.5233,37.6663,33.6918,39.1714,38.1532,40.157,40.763,35.8628,38.8776,40.4797,34.3856,40.7717,37.1024,35.8856,34.6426,
37.1877,39.8261,38.5907,37.0069,34.5123,37.1589,39.0351,37.0161,35.7689,37.1282,38.7582,36.6753,43.1099,36.8153,36.6495,33.4706,40.7913,39.7771,38.2277,34.8289,36.269,36.5758,36.8462,37.1289,38.2769,35.2124,33.6862,32.6883,39.4919,36.5731,34.9611,38.0102,42.581,41.0396,35.9178,31.5225,39.4945,34.0521,33.1774,36.3381,41.9426,41.2111,38.1462,37.163,33.1744,34.2784,38.8222,40.7653,36.0855,36.6426,40.6493,34.7662,41.3087,36.4457,37.1322,40.3794,34.5407,40.6869,36.7303,43.8049,41.805,40.6448,38.7619,35.591,37.6468,41.439,36.0929,42.862,34.6986,34.1711,39.7092,44.5942,35.967,32.0558,35.8583,39.0852,
36.0649,35.4672,39.1572,29.5439,40.1013,35.5119,37.0109,37.4389,39.9908,44.5364,39.4188,39.4179,39.5892,33.0442,37.0647,36.6732,34.1188,43.1174,37.3653,37.4064,36.6146,35.074,32.6366,37.4573,34.5623,33.6968,44.4567,40.4555,32.9983,38.3982,35.9033,36.6787,36.3944,38.0209,35.9792,36.8634,36.1057,34.2026,36.7108,39.504,32.541,35.3811,35.2608,35.3571,40.9267,35.4008,34.8371,42.2578,36.112,37.8461,38.7922,35.1029,37.9001,38.1567,37.1305,32.7393,34.2531,35.8523,41.7135,41.2727,34.6621,34.5309,35.8556,38.5276,40.2387,
38.3843,42.7752,31.8355,37.8392,36.6454,32.7792,41.4706,37.9454,35.0945,34.3567,39.2684,36.3442,41.0213,40.5097,40.8544,36.0721,34.4085,39.4405,38.6614,38.133,32.3703,33.5151,38.3339,36.8074,35.2584,38.1454,37.6306,34.6298,37.5965,31.1261,38.1757,36.302,38.2466,38.0857,35.8066,38.1261,32.0572,39.4898,36.8709,36.9484,38.1555,35.9901,44.6491,40.3567,39.2573,35.5242,35.0094,32.6298,38.7167,33.3787,33.4532,36.7373,33.6925,36.1171,41.3481,41.367,37.275,34.2062,32.8679,36.3516,42.3785,38.4507,38.0328,41.2201,37.4815,34.4413,40.8263,
36.2148,35.3992,35.4094,39.5416,34.3924,37.3242,37.9871,36.0244,38.1088,31.8677,32.9282,39.0806,36.2487,39.053,36.1317,33.8162,36.9031,36.4267,38.7891,41.8837,34.4918,38.1431,33.4463,35.0626,40.4215,36.3503,38.5176,33.859,38.4457,38.665,32.259,36.5659,35.8631,37.7083,39.6186,37.1047,37.7572,34.375,34.5413,36.2712,40.6069,35.2292,37.5959,37.2427,37.3988,39.9531,31.981,37.2828,35.6369,42.1797,41.5283,41.7228,35.3,32.2045,34.0706,38.6251,37.1292,41.1001,40.5616,35.7801,38.4571,32.9357,36.1185,36.3882,34.3193,33.3058,37.4733,35.5957,35.2697,35.9113,37.8656,
35.1226,38.3549,36.7942,39.0817,32.9122,44.063,32.7208,41.167,35.3858,33.1799,36.0797,35.2149,39.9315,33.7475,37.5044,34.9336,37.6314,38.7612,37.8686,39.9279,35.0846,38.5101,33.8114,36.5624,37.7908,39.3815,39.6978,40.1327,35.0798,34.6821,36.9968,38.5452,37.5671,33.2642,36.0051,35.2993,32.4463,34.9421,34.5585,37.301,34.4845,39.8847,37.6821,37.6663,39.2982,39.3879,30.7919,34.4029,37.2846,37.0039,33.6948,39.6574,36.8551,33.6897,36.4143,39.6896,34.929,32.7237,36.4745,37.3165,29.6045,35.63,37.4084,36.2043,36.5768,35.3884,38.9165,38.7084,
38.5531,33.5769,40.9933,37.0761,37.0088,36.6884,41.1421,33.396,34.0378,40.6238,34.6356,37.3819,39.3529,39.9726,31.0315,37.3644,37.9418,36.8925,37.5722,35.607,35.595,36.3882,36.9474,38.932,38.7614,39.7164,38.0086,38.3961,35.6478,37.1295,40.9866,33.3584,42.1709,34.4243,41.2891,38.051,32.3689,38.4355,33.1287,39.6595,39.2033,35.6646,35.6366,33.8819,34.6102,37.9739,39.2035,35.894,35.8706,40.4784,34.7304,39.8589,32.4322,32.7749,37.3139,33.9967,33.5311,39.2962,35.7868,38.472,38.4672,39.9084,31.5318,37.7462,42.5748,37.0429,36.5525,37.0387,37.9298,34.646,34.526,
