222,225,243,266,268,261,295,307,257,257,247,189,259,245,227,263,283,283,314,244,294,245,306,289,293,399,291,244,204,275,312,203,245,231,191,177,177,201,222,242,258,322,292,288,285,290,318,325,277,278,275,275,295,323,336,320,321,394,423,426,393,372,382,391,410,462,
230,237,224,236,247,209,285,296,246,216,252,182,246,184,254,270,284,296,285,229,316,240,327,303,310,386,271,199,243,288,300,299,288,258,192,178,182,201,243,242,251,251,277,279,295,271,364,346,281,289,306,321,303,272,346,303,387,412,368,379,352,344,358,415,363,489,
195,263,255,261,225,244,284,303,253,231,250,221,198,241,250,265,284,309,298,285,279,318,307,313,357,391,278,237,243,299,320,281,252,253,188,184,183,202,239,241,249,207,312,289,314,245,374,348,246,333,261,297,345,367,361,312,333,384,398,401,374,343,356,402,491,469,
222,225,243,266,268,261,305,297,251,250,277,257,227,302,247,302,323,325,327,268,314,265,333,304,323,275,411,259,256,299,313,258,260,243,183,167,156,185,193,287,264,255,285,282,282,335,365,361,290,278,271,296,301,368,362,311,363,373,377,403,371,339,353,415,501,
222,225,243,266,268,261,295,307,257,257,247,182,231,244,223,297,309,306,312,292,277,250,268,313,356,382,269,241,229,282,300,262,257,233,177,169,178,201,230,180,311,244,280,295,294,281,327,323,344,343,269,263,330,331,367,294,376,378,328,347,403,365,383,372,415,454,
260,270,272,261,279,291,318,278,245,236,294,165,224,248,218,296,280,308,319,305,248,304,313,311,349,348,280,267,243,244,336,269,255,219,179,165,169,139,287,225,257,266,242,260,199,282,325,353,303,320,252,266,295,320,331,317,317,413,362,365,349,330,368,368,469,347,
223,234,219,242,248,222,255,281,236,240,241,179,242,234,251,272,291,288,300,326,290,271,265,340,347,286,412,244,228,304,305,237,216,238,194,272,199,285,290,320,279,286,269,303,383,350,339,379,305,355,313,359,363,396,381,309,406,393,394,426,401,379,400,410,478,
260,270,272,261,279,291,318,278,245,236,268,179,255,274,256,253,311,308,340,309,246,283,255,301,387,381,222,204,312,293,312,245,255,269,191,183,184,175,322,265,326,256,310,334,346,354,374,370,276,401,325,341,432,365,358,381,410,408,411,378,420,382,381,397,500,
195,263,255,261,225,244,284,303,253,231,250,243,213,219,235,201,311,307,298,327,298,275,264,318,357,399,284,239,226,272,301,276,255,213,180,172,176,201,239,243,282,272,257,302,307,295,309,224,353,351,258,263,290,333,268,405,319,354,368,379,346,362,381,397,494,478,
195,263,255,261,225,244,284,303,253,231,250,221,198,251,299,288,295,283,282,288,294,283,323,312,360,388,274,233,245,292,301,241,230,249,200,151,176,193,254,281,248,258,269,311,299,330,346,337,293,348,266,261,289,337,287,379,342,336,341,405,372,347,354,382,461,366,
227,228,226,246,278,293,319,286,236,277,256,210,206,230,297,261,271,334,299,267,241,299,312,355,362,374,306,264,268,283,315,245,217,232,178,170,177,157,255,312,263,304,291,282,375,318,339,360,336,328,265,330,344,327,346,340,345,404,363,412,378,354,371,385,476,454,
230,237,224,236,247,209,285,296,246,216,252,206,239,215,287,266,255,288,315,256,308,251,316,336,350,352,284,239,221,305,316,212,259,236,198,177,151,190,235,237,179,197,256,284,297,293,292,303,279,327,264,258,249,357,347,270,252,408,365,395,371,367,365,367,417,472,425,
222,225,243,266,268,261,295,307,257,257,247,182,231,244,223,297,309,306,312,292,277,250,268,313,356,382,269,241,229,282,300,262,257,233,177,169,178,201,230,180,311,244,280,295,294,281,327,323,344,343,269,263,330,331,367,294,376,378,328,347,403,365,383,372,415,454,
225,235,221,239,233,266,258,300,216,256,246,225,213,218,216,282,281,273,314,268,312,255,294,304,364,250,389,235,244,288,288,190,232,262,214,192,193,201,236,300,253,220,326,299,298,320,352,262,390,320,264,326,345,347,395,363,371,354,420,414,382,354,360,385,507,476,
225,235,221,239,233,266,258,300,216,256,255,163,241,217,223,265,285,318,273,221,337,280,310,308,334,366,293,251,243,256,300,270,243,211,180,172,177,201,239,244,282,273,257,306,301,275,311,320,264,334,254,274,360,321,350,309,354,391,343,396,370,363,373,378,480,456,
195,263,255,261,225,244,284,303,253,231,250,243,213,219,235,201,311,307,298,327,298,275,264,318,357,399,284,239,226,272,301,277,255,213,181,173,186,186,261,205,285,266,299,316,320,267,358,380,304,344,270,276,265,399,442,371,364,328,411,388,348,390,403,422,501,
223,234,219,242,248,222,255,281,236,240,241,179,242,234,250,272,291,288,300,312,286,267,262,348,365,366,264,233,206,286,315,202,247,247,174,159,148,175,214,282,260,242,266,276,281,228,373,361,267,289,265,268,294,348,330,254,401,393,345,388,364,374,387,389,478,356,
225,235,221,239,233,266,258,300,216,256,255,225,213,218,216,282,281,273,314,268,312,255,294,304,364,250,389,235,244,288,288,190,232,237,186,183,256,190,281,243,268,250,299,294,343,298,338,364,296,333,270,305,335,374,368,323,356,396,373,389,369,367,392,406,511,
255,263,255,258,221,268,252,307,255,225,233,243,214,220,236,218,320,338,303,244,331,270,324,298,319,274,238,446,265,289,293,299,280,257,185,182,195,262,212,221,279,270,267,289,343,291,281,375,300,363,296,312,303,273,352,297,385,405,375,384,400,370,386,390,475,
232,236,228,249,238,204,251,274,237,241,236,176,208,224,280,260,304,294,258,294,289,250,274,319,341,399,286,244,230,245,306,203,251,199,173,160,148,176,199,229,251,238,289,287,298,282,322,319,280,337,287,276,261,332,337,265,269,365,371,392,357,337,353,357,429,478,
225,235,221,239,233,232,314,277,224,269,262,198,212,188,244,260,270,302,257,319,254,291,241,326,392,394,283,235,228,294,313,238,210,232,178,170,177,157,251,290,279,260,293,296,319,310,363,359,303,362,300,306,334,378,372,319,361,400,387,394,360,335,358,390,482,386,
225,235,221,239,233,266,258,300,216,256,246,185,228,206,278,255,300,298,253,295,275,246,243,296,329,389,297,247,237,273,278,219,208,215,177,169,171,170,251,255,223,261,278,288,292,305,295,310,323,304,264,268,259,338,332,306,348,382,348,366,320,374,391,382,475,452,
227,228,226,246,278,293,319,286,236,277,256,224,257,223,217,279,283,305,285,257,311,263,339,319,359,400,290,248,241,256,350,255,308,233,188,211,189,179,231,311,262,263,267,295,358,338,334,350,279,344,276,294,277,395,391,327,404,396,354,383,327,380,379,418,495,464,
223,234,219,242,248,222,255,281,236,240,241,229,193,192,288,265,293,288,299,328,292,271,257,292,299,385,275,236,245,280,313,257,228,207,186,180,181,158,246,242,258,251,268,291,316,253,357,344,269,263,291,299,313,329,367,310,352,363,339,365,350,348,388,412,502,467,
230,237,224,236,247,209,285,296,246,216,246,189,280,254,310,287,313,305,333,309,292,284,286,303,325,406,297,249,224,328,336,257,237,273,195,187,186,177,322,265,331,268,297,328,383,330,318,396,328,358,304,306,418,366,354,361,372,446,404,401,377,369,412,453,533,422,
255,263,255,258,221,268,252,307,255,225,233,221,198,251,325,300,310,300,281,295,270,252,318,314,329,397,289,243,225,317,321,244,293,266,192,182,157,190,230,309,252,328,298,287,285,220,322,329,279,280,281,277,296,337,351,299,367,386,343,373,389,376,397,391,472,368,
232,236,228,249,238,204,297,286,236,241,245,197,237,209,295,262,257,285,229,269,250,314,314,305,312,394,203,295,253,214,314,236,211,231,180,168,183,160,247,281,258,240,295,277,303,308,319,211,323,364,255,280,251,335,331,314,352,349,372,374,361,347,364,375,478,445,
227,228,226,246,278,293,319,286,236,277,256,224,257,223,217,279,283,305,285,257,311,263,339,319,359,400,290,248,241,256,350,255,308,233,188,211,189,179,249,325,268,223,342,304,320,331,322,327,311,330,283,332,347,336,349,305,367,377,386,388,380,354,359,422,498,486,
230,237,224,236,247,209,285,296,246,216,252,182,246,184,254,278,292,308,309,250,302,228,257,248,347,352,316,284,277,254,310,200,241,211,187,179,161,192,249,290,254,256,271,312,319,309,362,358,264,301,297,306,311,297,369,309,385,377,327,419,395,358,380,380,451,
255,263,255,258,221,268,252,307,255,225,233,243,213,219,235,201,311,307,298,327,298,275,264,318,357,399,284,239,226,272,301,276,255,213,190,168,181,187,230,279,276,257,298,299,305,285,360,388,290,294,287,291,274,352,341,317,378,404,374,388,364,345,365,375,486,445,
