139,108,132,191,210,210,214,390,351,320,236,484,548,534,479,473,519,496,421,514,544,464,568,500,539,425,451,405,442,484,430,405,468,467,499,508,521,537,513,408,380,407,424,
97,90,89,131,168,182,187,220,135,138,169,139,139,145,275,190,191,184,122,289,203,259,284,287,283,286,209,225,216,211,152,162,125,104,105,
151,119,116,131,137,146,208,165,152,248,234,175,167,143,152,119,130,153,195,188,170,180,178,194,230,148,104,155,135,156,124,87,127,89,97,100,109,
239,242,223,208,221,167,189,185,105,90,91,91,100,113,175,140,142,178,280,308,351,399,356,379,382,315,327,305,293,363,294,281,390,339,436,551,531,454,
87,139,218,172,202,98,116,172,155,181,178,141,98,114,89,109,91,80,115,151,146,218,209,173,141,174,188,193,192,183,157,208,142,194,136,192,187,189,165,146,206,
70,314,289,242,265,262,243,239,340,403,428,226,352,314,309,280,450,373,465,298,359,344,211,358,335,268,298,238,
125,153,106,169,173,168,177,161,150,167,80,104,88,99,113,232,203,256,111,181,182,107,178,162,79,218,145,249,157,87,117,99,108,230,231,181,
156,187,145,157,170,194,270,228,252,297,243,223,299,308,265,308,308,369,357,377,299,279,403,361,322,339,362,332,195,242,265,407,240,207,290,214,145,179,
108,97,86,106,173,153,203,270,261,248,170,229,294,355,300,247,212,213,273,289,166,184,346,314,382,359,361,398,427,502,524,
104,91,86,91,107,100,111,172,214,176,181,149,161,194,331,279,329,263,347,301,362,409,343,356,387,379,419,423,456,456,425,380,517,485,
103,87,148,97,102,107,106,177,153,182,124,67,97,81,237,211,201,230,255,263,189,237,155,104,111,116,100,102,125,109,165,149,250,210,240,236,263,
176,173,234,239,275,317,237,251,189,168,186,223,214,402,289,238,328,307,238,255,384,326,286,301,261,324,260,212,177,201,134,
59,92,131,137,130,106,153,122,144,99,101,104,96,141,138,252,255,271,330,357,338,255,217,266,388,366,333,322,264,345,230,387,354,285,274,291,363,349,352,331,
99,144,142,186,170,106,126,72,179,121,167,210,122,154,252,168,179,273,280,273,163,218,200,159,196,140,112,91,269,157,175,175,197,222,183,212,183,160,169,177,
119,102,90,80,129,159,158,186,214,282,288,249,266,214,263,293,276,274,303,306,313,346,324,305,304,395,343,379,421,380,304,432,382,461,363,285,465,
424,390,433,444,528,560,533,537,459,432,585,523,547,560,532,512,547,518,403,417,469,480,435,471,404,432,523,441,512,409,495,515,521,
93,92,124,115,89,111,99,285,186,190,96,114,148,205,185,178,175,179,160,138,212,171,238,213,196,182,222,201,174,216,203,214,213,196,179,182,123,178,116,101,120,
67,119,161,168,159,183,277,101,98,119,171,145,125,162,116,107,129,161,165,89,306,236,422,362,369,345,542,556,547,513,484,455,466,476,479,527,553,576,615,619,
83,97,141,155,126,273,212,205,216,130,125,128,80,105,91,118,82,100,170,107,131,191,179,193,204,121,149,102,126,98,156,171,173,
93,270,256,277,290,206,210,249,177,218,201,216,234,384,323,373,345,395,388,368,305,505,737,802,788,801,756,785,758,757,768,
102,160,185,118,118,96,93,104,89,102,163,196,204,169,201,184,186,194,244,196,218,132,152,146,216,176,109,110,114,194,85,111,106,95,110,112,86,106,109,116,114,125,143,104,
78,174,145,146,335,263,313,333,358,194,215,264,223,207,250,253,272,299,158,222,173,140,129,115,161,137,123,165,170,256,142,193,152,137,353,402,255,
96,111,99,96,98,108,68,101,120,133,143,143,148,135,96,96,127,84,77,145,152,167,161,119,149,116,157,248,226,170,169,176,
98,119,170,122,188,189,240,199,206,182,159,144,124,136,148,113,81,120,139,223,316,298,272,218,270,197,282,121,122,189,258,220,209,193,183,253,271,186,181,118,211,204,267,237,239,253,269,
96,219,298,288,291,352,297,199,171,209,326,302,300,328,313,415,416,306,280,207,195,260,305,134,146,103,169,189,145,161,128,132,133,160,132,122,124,174,
129,120,99,98,135,219,269,291,291,248,238,260,271,283,238,292,312,314,360,359,370,323,354,373,273,307,305,379,391,276,298,164,142,101,94,225,259,280,270,237,315,293,311,414,388,
166,134,153,125,99,108,97,181,151,151,140,220,236,205,200,182,198,193,212,180,254,320,309,309,201,265,217,163,195,179,226,174,134,150,118,114,149,
95,143,151,108,116,150,292,221,211,208,240,265,323,538,432,643,569,671,681,608,603,771,735,746,805,853,916,862,828,773,771,
231,266,250,227,211,230,201,239,177,175,172,297,372,246,216,214,212,167,224,119,125,169,180,187,169,186,112,119,263,214,
80,123,183,120,115,115,157,149,104,116,83,104,159,137,201,166,196,101,67,105,197,187,151,153,155,135,171,119,121,151,113,90,
