19.515,19.7277,18.639,25.8711,27.9367,25.2768,26.0047,22.6721,17.8744,24.9866,23.8728,17.9152,24.9109,24.8573,22.1096,20.3624,21.7096,24.4295,16.9872,23.2798,22.039,20.369,24.3074,19.0063,27.5015,26.9374,23.8337,17.3374,24.4524,31.1759,24.5156,16.8423,24.4613,21.573,22.1268,20.7149,25.1605,25.4593,24.9288,24.9577,21.051,29.246,23.1093,
23.3929,22.0077,21.4693,28.9221,25.4628,29.5071,26.4776,21.9907,23.4472,21.2749,24.1458,20.0812,21.4971,19.4147,25.0685,20.7455,20.7186,19.9157,23.0385,21.5072,20.7129,19.0848,17.4623,23.3705,29.0076,22.1555,21.5531,23.4741,25.3939,23.7996,25.9699,22.7839,30.5824,25.4963,25.7339,
26.1042,25.7452,23.7097,25.4954,26.6614,21.4347,26.9819,14.1668,22.8163,26.6074,19.7251,24.064,21.0679,20.9349,20.9736,28.5964,24.3844,19.522,22.8204,20.1638,17.4886,23.3161,23.4374,22.2567,14.2633,20.3518,19.2832,24.9827,16.7431,21.9191,24.6604,17.9524,30.1078,21.5286,22.3024,23.0754,21.4135,
25.8806,21.3475,22.0756,21.8527,22.3679,22.1848,21.8681,20.9938,23.8236,21.9169,20.6758,21.4811,19.3417,25.8288,25.3501,21.0921,32.8846,28.5682,26.292,17.9557,23.537,22.2601,20.6146,23.2632,19.9394,21.2363,16.3251,28.1235,20.1261,22.9174,21.0312,17.048,22.7874,22.0074,20.3246,23.5483,23.8148,19.8085,
19.87,19.1714,25.6916,18.4258,22.3194,20.1041,27.1116,24.8844,25.011,28.8996,19.2466,23.7353,22.6334,24.3941,20.4718,20.3213,16.6641,14.4254,21.9857,21.3438,19.5043,22.0522,21.6473,28.7015,23.9752,20.8363,19.7701,27.27,23.9566,26.5861,24.7925,26.6683,26.2661,24.6451,21.6601,26.3946,17.3918,21.1782,26.2551,24.6558,17.318,
16.9523,29.2792,27.2009,23.4525,21.9605,28.1064,29.4774,20.9739,17.3311,22.7462,27.1491,23.3899,24.2798,15.9719,20.7652,19.3077,31.695,20.2426,29.342,16.5154,20.2293,20.5089,18.0769,23.4466,21.3863,21.0232,25.7535,23.7362,
21.7853,24.9345,18.0445,32.1423,25.7278,22.2183,18.9882,23.9964,28.1775,20.5383,16.8469,24.2353,19.7398,24.2375,27.2295,23.3824,30.6322,16.7412,18.2792,22.1742,25.4526,21.3985,26.2553,25.2423,16.9495,25.5227,23.6856,21.2015,29.7392,20.9595,28.4484,20.9351,20.9892,23.2148,23.134,24.5186,
17.9301,23.4678,15.8031,25.2844,19.7653,22.3962,30.9111,18.9665,24.0069,29.3015,24.3437,29.1116,20.9722,20.9004,21.1109,31.601,27.7204,19.1127,20.7887,19.8092,24.2633,25.1241,21.9013,27.0991,18.8001,20.8669,23.9236,26.4794,22.3067,24.536,25.7564,19.7506,23.5027,22.0344,22.7087,22.4772,21.1961,31.8189,
26.2513,23.7319,21.0029,25.6424,19.7335,23.3692,20.7632,20.0832,28.0188,19.7061,15.1076,26.7438,26.5257,25.4986,17.7816,26.3682,25.9221,26.7003,23.2055,28.9562,20.2683,21.4354,27.6886,22.692,24.4257,24.7432,20.4574,21.271,23.0099,25.0966,22.6608,
25.4779,18.4021,20.7765,21.8136,26.0943,22.5275,18.0981,26.3209,22.1345,23.6385,25.6395,22.1338,17.8812,22.9604,20.2592,18.5508,24.6809,17.2118,25.8249,25.8892,26.2927,25.3898,17.9741,23.248,20.2773,22.9135,27.6323,24.2865,23.9419,20.6707,23.4093,19.4624,34.0276,18.9572,
24.9569,21.3182,23.2219,21.6158,24.791,24.6399,20.2936,25.3339,20.2317,24.5101,24.9891,15.5274,23.4154,14.8582,21.8331,21.7008,23.8373,25.3457,25.3139,28.1492,28.0029,20.4918,23.996,17.1233,24.1141,26.4598,17.1735,24.6745,24.0547,17.4333,30.1954,20.3634,20.4964,26.7502,23.9952,28.1165,22.049,
25.5166,15.785,22.8554,21.7941,17.354,28.3074,25.4571,23.3656,24.1726,23.9386,32.7332,21.5255,24.4949,22.8081,27.6303,21.9346,24.9327,19.1778,21.3003,26.9354,28.683,18.2332,21.4957,21.9011,19.6372,24.5926,24.8504,24.6862,22.4035,31.4639,27.3001,
14.3634,22.4388,24.5541,21.6075,22.0148,25.9274,28.1694,20.4472,18.7293,22.4749,21.1761,24.5558,21.1036,28.7883,25.4151,25.2488,22.9238,21.4747,26.1834,21.7626,24.804,24.8003,20.0459,23.5034,23.5176,24.913,27.6916,24.8105,28.1405,23.3555,18.8186,23.6177,19.2608,19.0304,21.4536,25.0871,20.2284,26.6202,23.2912,26.8299,
22.4807,30.3463,23.5367,24.5489,27.5298,19.2421,22.2456,17.3972,25.9318,26.6931,29.9096,26.2428,27.7451,23.2707,26.9042,19.7565,25.1169,22.8164,24.4091,18.4153,18.4096,20.4004,22.6277,18.489,23.0288,24.0421,20.6769,19.0997,27.965,23.309,28.46,24.8172,23.918,18.8183,24.1122,20.6668,18.914,22.6309,18.9033,19.8412,
27.4543,19.6863,19.3184,18.5761,27.365,21.8186,21.784,28.9334,20.2638,22.8631,22.6742,28.084,25.5422,17.487,26.7821,17.398,21.3406,16.1272,23.7214,18.5135,20.7603,20.8493,19.3563,19.2722,20.9104,26.5762,22.2838,25.2972,20.8676,18.0468,18.44,26.7204,20.8132,22.7888,23.2639,27.2691,22.1889,
21.3272,21.2451,28.0982,22.2156,24.9921,20.6768,26.062,24.0961,24.2933,19.848,20.7464,23.6377,23.9672,20.2172,22.2239,17.483,21.5079,24.2379,22.9724,20.8941,27.2808,22.0342,21.3429,26.5002,24.5164,23.5049,23.1013,17.8466,25.6814,21.4361,26.9899,23.3221,22.6366,
21.3141,21.9428,30.2251,20.2378,18.2253,21.8309,20.5037,19.6313,28.2845,25.73,19.8656,19.7173,22.3442,25.1827,25.4083,25.4335,22.0999,24.9875,18.3727,24.746,24.1429,20.5712,23.7584,23.1932,16.6543,19.875,25.6267,27.8035,27.8546,25.5177,26.204,27.7844,25.4104,21.03,28.3546,23.0592,22.188,26.3264,28.4044,24.4244,21.3227,
16.3256,24.2282,29.3034,23.7222,16.8678,18.9896,21.6738,24.475,18.4399,24.9761,25.6246,28.4468,19.4783,25.9136,23.917,23.7262,22.9588,23.4284,27.305,21.7921,30.4814,22.4668,21.5071,24.2081,20.2367,22.5959,14.5519,27.9448,20.6709,19.4532,16.7546,20.9612,19.1928,23.8599,28.3537,25.7812,20.3236,25.2235,19.6132,27.5634,
20.2978,23.5261,30.1616,29.2243,25.9062,16.3817,23.9177,20.9588,25.1813,19.4141,18.1095,25.8473,18.8348,23.3826,20.1415,20.2632,17.4722,22.6602,24.4454,23.263,26.3646,28.2415,25.4576,22.2683,27.0125,21.382,26.3448,24.572,25.6264,19.9661,20.837,16.2591,26.149,
22.6996,27.6864,26.7234,23.5125,22.3395,25.6203,19.046,24.0836,24.2795,17.4991,17.1949,22.8538,23.4525,31.9318,19.345,25.4387,25.61,22.258,19.3027,19.4493,19.9218,17.155,21.7399,17.3207,26.8786,23.1131,19.5119,29.0496,20.3222,26.7128,24.0662,
22.2156,33.6298,24.0412,20.6409,23.517,22.8137,22.4327,25.0861,21.3742,21.7021,30.4867,25.4746,18.7539,25.8,21.9786,21.8174,27.4437,21.9235,23.8415,28.5823,25.3171,18.0824,25.9018,21.5324,28.2686,23.6901,19.8683,22.0848,12.7013,36.3339,20.8772,27.1604,26.1698,19.3823,24.6563,27.5663,20.8273,24.1037,24.6205,21.5105,20.3444,25.4788,24.3987,25.5628,
17.0226,23.1887,18.0974,19.5203,26.5748,24.6654,24.2193,16.2173,27.2461,23.3274,20.2541,29.5138,20.7668,23.2764,25.202,21.6559,24.314,21.9419,19.7236,29.2396,20.8208,18.0138,22.9426,22.8271,20.674,22.7292,16.7893,23.1397,20.961,26.3719,23.0068,24.0771,23.3287,22.1252,27.361,24.5336,32.487,
20.6916,24.6799,20.4949,21.3311,22.5384,19.431,14.9561,22.944,24.8047,24.9946,26.4074,30.3064,23.0717,19.6955,16.6976,23.2608,26.2707,18.2055,18.6534,21.2967,26.4644,20.2159,21.0176,18.1937,24.5763,27.6491,20.7228,25.203,20.42,25.2186,25.0804,18.9722,
24.0503,20.2956,21.89,19.3462,24.5461,21.7446,24.4736,21.5146,22.4921,19.8101,23.8193,24.0451,25.716,26.9876,19.5768,18.8047,16.8446,23.3232,26.8459,18.4579,22.005,27.0209,28.4309,23.1956,24.4943,20.7565,18.5003,23.1104,19.1857,27.8247,22.3687,22.3675,22.5142,23.5606,18.16,23.33,23.6086,22.6135,18.2131,23.9328,21.3877,21.4718,23.7393,22.15,23.6623,24.7038,21.5353,
23.4457,24.3783,21.3391,21.234,23.3542,19.5758,26.651,19.9506,21.8767,27.3021,23.7616,28.0736,24.3395,25.9981,26.637,25.1717,21.7467,18.4969,20.1666,24.3872,18.3624,20.0134,22.9476,25.7494,24.685,20.1834,21.3354,29.1179,22.66,17.8531,26.9078,23.3068,22.9154,24.6976,24.7624,22.3634,27.1701,25.4726,
26.3372,17.8837,21.6628,23.0606,27.6876,26.3315,26.4378,16.3275,21.4186,26.0418,19.6689,19.5015,25.7058,21.136,18.1001,23.1604,18.7492,24.6451,21.782,19.5485,24.9588,21.316,21.807,22.9936,18.5358,20.7866,25.4529,23.1282,19.0001,22.7177,21.5877,26.2572,23.1937,24.6759,23.0303,22.8412,18.8979,24.4861,28.1394,24.619,21.6429,19.8587,24.0789,23.213,24.6685,
24.4326,20.5489,29.9441,25.2479,22.7942,22.8449,23.4297,23.2781,25.814,16.8705,23.6864,18.7766,23.2574,20.088,20.0735,21.1876,20.5793,19.4334,26.7461,19.945,25.7526,25.4378,23.6202,20.3911,27.5656,17.4859,22.8207,22.9087,23.7541,21.0874,25.5657,22.4484,16.4966,25.3632,28.8732,24.5162,20.9516,
23.1694,25.1058,23.4944,22.9449,18.1494,23.7958,25.3099,21.1911,18.9587,16.683,24.0008,22.8435,22.7379,19.1075,19.6732,24.9785,28.2666,23.7943,22.3724,27.0236,24.2561,25.4429,23.4107,20.1709,20.7672,25.1311,27.3909,18.567,24.2431,24.9767,18.7997,
18.4635,21.1051,19.787,22.1275,20.4418,19.6175,23.8485,26.3692,23.1824,20.702,20.1574,28.6566,19.4819,24.3502,21.5158,22.0504,21.1091,27.2691,27.7923,22.7244,24.115,19.2837,19.6482,24.9983,27.0835,22.737,20.6027,17.859,29.706,24.3172,
19.2946,29.2113,24.4987,24.5307,18.3917,17.736,22.7951,27.6011,18.5869,26.8427,16.8019,21.8014,26.2859,22.9638,23.0236,22.6072,27.6081,21.018,16.159,25.3875,23.743,24.4442,18.1557,22.2457,16.4159,16.8257,28.8246,18.9789,26.7941,25.2874,22.8378,20.0976,
