32.5005,35.6027,35.9853,35.9516,37.5236,41.3866,35.5474,37.002,38.5237,39.292,37.6884,34.2937,36.9787,36.0705,37.9449,34.768,35.5177,36.478,33.2195,36.4436,38.7725,35.7129,36.6581,42.298,40.0537,39.078,32.7564,41.2061,33.1591,35.5369,33.8409,35.0931,34.5391,36.2224,36.1663,41.1714,40.4561,34.9384,36.5522,34.1068,38.2516,36.3906,37.8674,37.8236,37.9564,34.5654,37.2923,37.4647,39.9658,40.9571,39.4356,38.6652,38.2376,36.9713,36.672,39.4864,37.1013,34.4311,38.1343,38.7101,38.8819,35.1135,43.9722,38.4604,34.4308,40.2402,35.7071,38.4626,33.7024,34.3069,35.3273,33.7488,41.6378,36.1696,39.4259,37.7767,32.687,37.3738,39.0437,36.2643,37.1419,33.9363,
32.6345,37.3978,34.624,40.5534,41.4429,37.7805,36.0304,36.9796,42.0578,41.9957,37.3438,38.7119,35.3363,37.8566,34.6202,40.1219,40.2031,34.7523,38.3354,34.4848,37.8203,37.9083,38.6808,39.5114,29.2881,33.7401,32.5664,34.2096,34.5533,37.2318,39.8985,31.593,33.8638,43.6289,35.687,35.6039,38.0281,35.5642,38.3997,36.7438,37.6962,40.7647,36.0574,39.2343,35.687,39.8839,34.807,36.461,35.9228,36.6121,36.8406,38.4997,41.3575,36.2641,39.9125,37.1165,35.3707,37.0019,35.2504,33.5606,40.5671,39.1556,36.0749,35.1548,38.3019,43.1536,37.9476,34.1174,38.8876,
36.3783,33.6127,33.768,42.8249,41.0744,38.2008,39.3969,40.0435,34.1408,35.4121,36.64,32.0282,41.1235,40.7563,37.408,38.1295,36.0948,38.908,40.1363,36.9522,38.1776,39.1457,36.8274,39.3865,40.896,38.248,33.2609,35.3729,37.6564,37.7711,33.2349,33.9507,36.6726,43.7547,39.9392,32.901,36.4379,40.1426,37.9236,37.5961,35.7066,43.4313,41.4428,36.6106,37.5269,35.1154,38.2557,37.6851,37.8571,37.2794,38.4774,37.4864,33.1131,38.6846,39.2113,33.6668,36.6119,37.4841,34.6347,36.639,35.3014,38.1005,32.448,40.1839,36.3745,38.4446,37.523,39.9707,32.0503,
35.0696,38.2775,36.5982,43.4888,35.3998,36.5208,36.5743,33.1104,37.4541,34.6248,41.8214,39.7427,34.396,34.2626,37.7017,32.8298,36.6874,37.9997,40.7809,36.2521,34.3893,38.6827,35.8928,32.8653,34.0798,36.4213,39.566,36.062,34.6483,35.2102,36.0669,35.0449,35.1182,38.0891,32.5641,40.4962,40.0851,36.782,32.5948,33.696,34.4722,37.4916,38.8441,41.2089,36.2343,36.7544,36.0335,41.2612,39.2824,35.8201,33.0616,37.2222,32.3021,34.9707,41.572,31.0011,35.3112,40.3365,33.3778,35.8888,34.9699,41.3136,37.7778,40.8699,34.2663,36.3339,39.3445,36.6744,32.5888,43.2173,32.2715,39.8429,35.789,37.1582,32.3939,39.3248,36.1247,
35.6493,40.4887,33.1438,40.8727,37.5865,40.8947,39.336,40.473,42.034,34.7686,43.0794,37.0076,32.8262,39.0292,36.9226,34.1817,34.6462,38.7213,29.4477,37.065,38.8446,36.9366,36.0738,34.5991,35.4106,39.3857,40.3005,33.1971,36.9971,34.7222,38.8513,37.3474,33.0849,34.3079,37.4305,36.4555,38.6221,36.5007,30.5664,38.9882,39.2772,38.3317,37.0824,38.1556,37.8986,37.8025,39.158,34.933,39.0707,34.7556,34.7828,39.1235,34.463,40.7446,35.0719,32.5628,37.2698,38.7561,34.7502,37.2165,35.4174,36.0689,37.9352,40.0172,
39.1139,32.3721,34.0152,32.2112,37.0259,39.6654,41.0976,38.8939,38.268,39.1339,36.8886,33.3473,39.0845,37.6588,40.108,41.7548,32.8598,33.6224,32.5295,39.7425,36.5125,44.4567,35.9376,36.4196,40.5333,36.2748,34.7697,37.0651,34.4772,41.1654,38.9795,32.814,38.8561,39.2802,43.0612,37.6569,33.3442,42.9023,41.8001,39.0571,37.6647,35.6155,32.7039,40.4854,35.9777,33.8459,39.9654,36.9534,34.3744,35.9197,39.9029,35.003,32.0574,35.8382,35.1751,38.4863,40.0145,35.269,35.0767,38.2694,35.6885,37.3385,36.6746,39.3653,33.4784,35.8048,38.2994,34.9737,38.5911,33.7815,36.104,36.3046,36.3566,40.2412,37.1734,39.5135,38.7152,33.9873,37.0904,33.2876,41.1586,38.992,34.0566,39.0365,38.8058,40.3165,38.346,
35.6906,38.6158,34.3753,42.267,34.5732,36.9561,38.7378,37.7965,34.729,36.1886,36.8823,40.6464,36.3793,35.384,36.2786,35.0078,34.4576,34.4147,35.5272,33.4935,38.6056,41.5757,39.9336,37.3669,38.7256,37.3521,38.2,33.0027,36.9049,37.0889,36.6437,39.6339,35.7959,38.3267,34.8263,36.9248,39.4011,40.3556,32.2776,34.3317,38.3891,41.1054,38.6109,39.9456,39.3578,33.6227,40.3594,36.7228,32.4505,33.8266,34.8756,41.6952,40.1231,37.2639,34.0601,37.4917,35.9286,37.9646,37.6797,32.5132,34.7815,32.7735,35.2606,40.7019,35.0878,38.9525,33.4686,34.8305,
35.3604,38.1157,37.209,41.9029,34.5878,39.5143,41.4148,35.2094,32.4393,37.3729,37.4425,34.2048,36.972,33.091,37.1457,43.0137,38.869,38.6883,34.3817,34.7952,38.2129,36.7913,37.3129,39.3227,37.688,38.4857,37.7137,34.2711,36.7652,35.2555,38.7593,37.3911,38.4542,37.7037,37.619,38.133,34.0371,36.3049,36.7895,34.7028,35.0349,34.9692,36.6604,39.7266,34.3681,39.3653,36.4399,37.7291,39.4496,37.0908,42.4253,37.607,32.8735,32.4911,35.6517,36.8781,39.0807,35.5604,38.2537,39.1931,39.463,34.1908,36.2002,36.571,35.7231,36.2034,36.3859,32.706,40.3126,37.0003,37.5771,36.4143,33.3612,37.401,35.3073,42.5148,33.0438,35.7416,36.1627,35.6228,34.6682,36.3118,38.3735,40.5109,34.7704,
35.2058,35.26,39.2601,33.0148,38.9114,33.0432,38.2881,38.57,38.3868,38.6585,37.4311,37.8518,39.549,36.557,37.6261,38.001,36.601,37.854,36.3467,38.434,40.8678,36.1283,35.8472,36.3873,36.559,39.5623,34.883,34.8449,38.3059,37.0837,32.9084,37.4396,36.914,32.337,40.4087,35.0198,35.3821,39.7916,37.9282,37.3124,39.7973,39.0925,37.6698,34.0923,35.862,41.4057,36.1392,37.5538,33.4904,39.5309,36.637,40.2936,36.9318,33.8763,35.384,37.7913,31.4215,38.7204,37.0654,41.4926,37.6003,39.9573,37.7834,35.414,39.2281,36.0636,35.5916,35.6997,40.3399,34.8606,38.3857,37.0429,
37.7064,35.6161,37.7857,38.6624,33.4522,35.5425,37.7681,39.0171,36.061,39.7229,40.2026,36.8519,34.4444,41.0731,34.6381,33.8304,35.689,38.7136,36.8732,37.4545,36.1306,36.2629,40.3543,35.3879,38.4272,35.8328,38.2962,39.1283,37.2491,42.0479,36.7899,41.5814,39.4595,37.4408,39.7222,36.8609,37.6527,43.4025,40.4219,36.225,39.5687,36.0591,36.63,32.2979,32.5785,39.6378,38.5152,39.4201,37.5167,37.2592,38.8809,33.6412,38.1002,34.5106,34.9257,37.4993,34.0386,37.2942,37.4323,35.2135,31.8294,34.1105,34.5757,34.2049,37.3027,
37.7727,30.3095,40.463,34.6271,36.0329,34.7194,35.4375,39.2862,36.6451,40.8513,41.1169,38.4111,35.1261,36.3996,39.6397,39.1279,39.4173,37.5604,40.318,37.302,35.8521,37.904,34.5844,36.9947,39.5327,37.2899,36.0691,37.3313,32.982,36.765,37.2697,37.0484,39.1339,40.6014,37.8114,34.58,32.3142,35.5552,35.4821,33.6737,42.1632,41.5299,39.0402,34.6919,34.7645,35.4528,31.1966,39.9774,35.9488,37.8415,37.389,38.1037,32.2001,39.3543,40.7662,38.039,42.2029,31.1902,33.096,34.4347,36.7374,37.8214,36.2729,37.0422,39.7724,
33.5181,36.0216,35.1637,37.8445,38.1566,37.0959,39.2446,39.6891,35.3361,40.2217,35.0498,33.9853,35.9179,34.1482,44.4969,32.2999,37.4194,33.1673,38.5773,33.774,36.3707,36.5711,31.7949,35.3985,33.5853,41.6924,35.801,33.5677,33.408,30.6444,36.5862,41.1766,39.5288,38.0196,36.337,38.3552,35.5359,39.4926,33.0592,40.153,32.5479,41.8236,38.1529,38.1827,37.8182,38.7877,34.5475,39.6455,38.9446,39.6759,39.5387,38.4298,38.3374,34.7308,38.4937,37.4744,37.1877,34.4781,39.1317,37.7365,31.3447,38.0697,37.5657,35.9738,37.2212,36.7634,37.1768,36.115,39.0231,35.656,35.1305,35.3334,34.5951,38.6401,33.2015,33.0585,36.4032,37.6868,38.2951,40.0115,31.9669,34.9019,36.2348,39.2286,39.5113,39.1988,36.4641,34.3357,35.5866,40.7562,38.9363,41.0246,36.1079,
37.2511,37.8072,32.8558,38.3216,36.9201,34.9475,35.1629,37.2345,37.9112,44.3751,37.7227,37.5269,36.5658,36.7686,31.8731,38.3417,36.116,33.2303,36.6924,38.8633,35.3621,40.9108,39.5926,29.1627,34.5705,39.5208,38.1443,35.7704,34.5134,33.7866,34.4858,39.753,34.7997,40.5266,33.9233,34.6768,34.7136,34.4504,34.3322,39.9159,32.3596,39.0435,37.5832,38.8757,40.0318,31.4998,34.8479,37.041,34.0434,33.7844,37.0042,40.8048,37.5918,35.0259,37.545,38.8512,33.5983,36.3101,33.2625,33.3097,40.6178,34.0433,40.6962,37.5853,41.0125,34.9211,34.6331,35.7267,32.8983,38.9484,38.6513,35.0392,38.9371,32.0233,38.2718,
42.8259,36.502,34.7458,39.0104,36.9186,42.3246,33.8657,32.5645,35.8986,37.6085,35.0397,39.6319,36.3621,40.1413,41.0495,45.0418,34.6317,34.1559,30.6173,40.4712,31.5565,35.2928,38.4198,37.9171,36.3278,39.1813,39.7293,33.7559,43.7633,36.4182,35.3129,40.6034,40.332,34.9665,37.8974,34.6733,40.2376,42.8659,40.5317,36.544,36.9474,33.6758,35.9722,37.7371,31.8739,35.5836,39.0373,40.1349,39.7665,35.7826,36.1043,34.9013,33.7625,42.2803,40.1911,37.4889,33.295,38.0312,35.2979,37.406,37.5099,38.363,40.2364,36.4265,35.6747,36.1126,38.7026,38.3609,
37.2093,38.5619,37.4259,38.0879,37.1796,35.0823,32.6378,33.8535,38.7838,37.005,39.0859,34.1888,40.3507,37.7221,37.6013,32.8659,36.5588,35.892,36.5608,37.2019,34.9471,40.009,38.2518,35.6382,38.9959,38.5913,36.5274,36.8929,35.8912,35.7694,34.419,39.5712,39.2188,35.237,40.7838,35.7271,37.2933,34.8205,35.5221,34.5312,33.7874,39.9176,33.5351,38.1213,31.9144,38.5849,33.0854,37.9065,38.8639,34.5287,38.0945,34.0664,32.5,38.6806,38.6679,36.5882,41.6387,37.3313,35.2105,32.7843,33.9195,36.672,40.9011,35.0181,34.9566,38.82,37.5256,37.9828,
36.186,37.8307,34.6957,35.8952,41.0004,35.4472,33.2823,36.1165,38.0821,31.7181,41.0909,34.6497,35.0608,31.6061,33.9126,43.9094,41.7239,37.0568,37.9675,34.1361,42.4867,37.1429,38.4336,39.6138,36.7621,41.9401,33.228,41.7463,37.8175,33.7424,35.254,37.497,36.2529,40.2609,34.4772,33.0189,35.4437,34.9783,38.6404,38.7406,32.6172,33.1874,39.5824,41.7234,37.293,36.0243,42.2543,37.5463,35.9442,34.2135,33.5243,38.5869,38.1079,42.2183,37.6532,40.5292,38.0261,37.2279,37.1951,38.9914,37.0775,38.6065,32.6423,39.2403,32.6117,39.7491,36.7255,33.4464,39.0365,36.2569,39.4759,36.815,36.3004,38.4045,35.8387,37.1825,39.1366,36.3849,31.6962,41.0871,38.0633,37.6509,38.4756,29.476,39.9555,36.7172,
37.5228,40.3168,42.165,33.99,38.7133,39.5571,34.2905,37.2389,36.2083,34.8146,34.6611,33.9469,30.8829,39.0117,36.4197,36.8758,35.1032,35.2727,37.239,36.1142,41.1381,37.1732,37.8616,36.9182,34.7931,33.4927,34.2331,33.8576,38.7328,40.6742,41.2935,36.6289,34.7099,35.0351,38.2608,37.7592,38.5439,38.5328,35.3025,36.0221,36.1766,31.5197,40.3296,38.6324,39.146,30.2362,40.7158,37.2244,38.005,38.4371,38.9397,37.6928,35.7143,32.0358,40.1104,35.4096,34.2282,36.4136,35.2486,39.4394,33.9212,35.8992,34.8729,40.0681,33.1401,43.5082,36.5114,34.6902,34.9384,37.8403,35.6585,37.8818,42.5566,
39.7678,37.4407,36.9704,40.2511,36.853,34.6019,36.5779,30.3485,40.5043,35.2939,37.5326,36.3139,38.3655,37.1099,36.2148,37.3995,38.8306,36.6681,38.4471,34.6623,37.4975,36.4793,42.6713,33.6753,37.2206,36.8089,36.5844,39.6548,37.1692,36.1642,33.9368,35.7526,35.7222,33.2463,30.5656,35.2003,36.648,39.4689,35.1147,36.3119,33.4751,33.8873,36.9685,35.8589,31.4744,38.407,37.7525,33.0525,34.8036,32.2194,35.7192,37.1863,37.1683,35.9095,37.6612,38.0638,35.4768,36.6736,34.8009,38.0676,38.8421,33.2003,33.6279,36.5614,35.1968,
37.3288,37.6887,38.6292,31.2871,40.2656,41.7233,32.1229,39.3656,33.6506,36.8148,35.846,40.4765,31.7674,40.7127,39.2563,37.0474,38.1099,39.6967,33.1163,29.8198,38.3637,38.4183,31.9627,42.7641,40.5458,41.6245,36.5023,34.3054,41.6446,31.3233,39.0365,37.1102,36.3446,36.0664,34.9137,32.5101,36.6937,32.4706,38.4481,36.8788,33.6522,34.1919,38.5284,40.0267,36.5911,34.1855,33.2442,33.1907,31.8937,35.9051,31.3986,40.1694,36.4322,35.7229,40.7022,42.345,39.495,36.6732,38.4152,33.6011,36.9147,38.1374,38.6982,40.0879,40.9208,39.0519,
33.236,39.0167,35.5952,37.7825,42.1517,36.4799,41.1323,34.0689,35.6448,36.1056,37.7248,31.4924,39.8152,37.6887,37.7914,34.3924,34.9471,33.1361,38.1461,36.4482,35.7545,38.2791,38.2931,37.8404,36.3345,39.0618,34.4139,33.2472,35.7314,29.7144,33.3472,34.0681,36.5966,42.6278,37.045,37.7422,32.2746,31.0404,39.4753,34.6654,33.9855,36.5662,35.0874,37.8841,37.7246,35.6545,39.3323,38.0098,32.6405,37.1218,32.1179,35.5217,35.6642,42.3964,35.1928,38.6754,33.1019,39.0874,34.8181,38.2457,36.2294,35.4908,36.6622,41.3437,40.6194,39.3052,32.2142,35.3347,31.4809,39.2147,37.8627,34.2601,
37.1224,39.3647,34.9009,42.8415,38.6188,38.1194,33.2317,33.5364,36.1373,37.9156,40.4571,36.8624,34.9224,32.8594,34.1538,38.9405,39.2828,34.7811,38.7512,41.3176,37.4875,32.9889,43.1567,41.9148,35.8882,40.1588,36.0312,32.1358,37.6194,33.2511,40.724,29.9901,39.3523,34.1418,33.0158,40.936,37.9392,37.4222,39.7694,42.993,35.191,37.0975,40.5267,37.7456,38.7719,35.4042,36.7295,36.9526,41.366,
35.6058,35.0742,38.9685,35.5934,36.4817,41.194,40.2346,38.8471,36.1009,41.7484,33.7113,36.412,37.2735,38.2852,34.5761,38.0245,35.6715,36.8719,40.3343,39.3944,33.1359,41.5145,38.6861,38.5397,34.6346,34.2301,34.793,36.4031,37.2269,34.1546,37.2883,36.0428,34.7659,33.5498,39.271,38.7682,35.1216,32.5095,33.7605,34.7952,36.1571,35.8313,38.9265,36.7262,33.3138,33.5499,33.4253,40.7312,37.6297,36.3238,34.7645,34.4391,38.6991,35.7029,37.4531,37.4526,32.1658,34.1251,33.9618,35.8349,36.9716,35.2773,39.7998,34.8647,34.8776,41.4749,39.0448,33.9678,38.1184,35.2889,32.4539,34.5412,39.778,40.4599,34.9718,34.524,38.0489,42.8014,34.8112,37.7994,44.1222,40.6218,38.0094,34.6109,32.8867,
35.0285,35.714,39.7346,35.7202,36.4251,37.7071,42.1068,42.131,31.6035,33.6785,38.8613,31.7639,38.5766,33.7902,43.8616,41.8646,40.0574,42.325,36.7272,32.7292,33.9645,35.7564,37.1985,36.8429,39.1211,38.6448,35.6407,40.0367,35.5822,40.1541,34.1076,38.1638,34.7778,39.8591,35.1908,37.0239,37.4141,37.8277,38.6383,35.1355,39.4676,38.4652,36.7736,39.4117,38.8107,40.4116,42.8053,39.0802,32.5999,34.1833,36.9123,40.3132,35.6888,35.5337,36.0143,36.0033,37.7627,33.6067,35.549,36.6411,41.5682,39.6188,42.6899,38.6404,40.5433,36.7426,
35.1779,33.7088,38.0043,40.7545,38.5028,39.5692,42.3667,38.0401,36.4052,36.9536,41.36,37.0147,40.5294,33.3846,36.9665,33.5621,37.1809,32.5659,37.2003,33.2848,39.5127,39.9431,35.872,38.2455,38.1541,34.1971,38.7864,36.4022,35.592,38.2139,36.8257,35.1736,37.5382,36.0397,33.259,40.5225,38.1088,35.4726,39.8006,30.8276,39.0832,35.0032,33.9632,32.156,34.5769,40.9434,38.9159,37.457,38.4314,39.9415,35.787,33.9298,35.8929,40.4696,37.3775,37.2241,33.111,37.0271,37.6648,37.6762,39.815,36.3613,36.4367,31.691,30.4005,34.4708,36.8638,36.3858,36.5655,38.2577,34.1488,36.4636,37.709,39.4475,
39.3782,37.6105,35.9374,38.874,35.104,30.0226,43.8752,34.4918,36.8055,32.7665,41.6676,35.2228,38.7616,32.9007,38.4943,42.2397,34.5859,38.0768,36.1061,33.3955,40.023,34.887,36.1247,37.0013,34.3671,39.028,38.0574,38.051,36.1423,38.6288,43.8206,37.0537,39.5004,37.7783,29.6107,37.6886,36.0708,38.6135,36.426,36.4856,34.3924,38.8286,38.1634,35.3216,37.9143,35.1595,37.3118,35.1725,41.1556,40.0289,35.6463,39.2541,43.2257,38.1319,33.5025,35.7151,34.6213,39.4906,42.1641,33.6107,38.4914,35.3244,37.2271,40.6803,40.1552,34.2795,35.0876,38.5379,38.9448,42.7067,35.4379,35.309,37.8612,38.857,38.5812,38.9406,34.7898,34.8015,38.5847,36.8993,34.469,38.8685,
39.5201,44.1618,39.8986,38.3326,40.4632,35.8262,41.0746,33.7735,35.3115,33.1686,39.0688,35.1928,37.7557,39.5639,36.9174,34.0595,34.3292,31.7736,34.0529,33.7459,38.0675,36.8026,36.6866,32.5949,34.8352,34.4247,36.7168,40.101,37.0818,36.9618,39.4373,38.9241,35.0751,35.7803,35.0569,37.5571,39.9831,40.4934,34.2607,34.6383,44.1765,35.2862,37.1993,36.774,40.6115,39.7856,34.9029,33.508,37.0212,38.0769,35.2537,33.8918,36.1877,37.4393,31.9707,37.9286,36.3861,36.1595,42.2106,35.5314,36.2264,36.4865,39.4045,37.38,36.4777,39.7177,39.8338,34.1897,37.5098,34.9498,36.7691,38.1413,34.3974,
32.3957,36.6032,37.63,39.123,33.501,39.826,37.7817,35.5725,38.7027,43.8014,31.8471,32.8363,36.6383,36.9404,37.1883,39.9008,30.2229,41.0735,37.8605,38.8657,42.6567,39.4289,38.6768,37.7575,35.838,38.0881,33.5951,35.3076,34.4358,38.106,39.58,38.4837,41.0097,37.7786,37.0607,32.1056,36.3625,39.919,37.9262,37.0344,37.1491,37.9878,33.0501,41.2451,38.4023,40.0961,33.7404,35.437,38.4208,36.8964,38.3792,43.1058,34.0808,35.8446,37.0825,37.3,29.0942,37.2342,37.8315,34.7903,37.6143,37.3374,38.8635,41.666,43.0217,36.781,30.5104,38.6046,38.4784,37.695,33.8365,36.0222,35.2949,37.6297,33.7151,40.6743,37.6655,41.1047,37.5397,37.7419,
33.9706,41.3663,34.8098,38.0149,35.0446,33.8991,37.8081,34.1083,37.2519,40.5984,33.8145,39.8093,34.1911,32.4945,29.743,39.0909,35.3974,34.5162,35.3062,35.5307,35.6855,40.6449,35.5363,33.1199,35.1534,36.1407,38.9927,37.997,34.333,33.9384,31.5879,33.7181,33.3383,35.454,38.0178,36.1899,41.6994,37.482,38.7325,35.1529,39.1454,36.3891,39.8055,38.3409,42.466,38.7574,33.2428,40.1229,34.9982,34.9607,35.3704,36.9103,39.3266,36.1712,36.734,34.4328,38.5533,35.4205,37.5204,35.9533,39.2368,40.1223,40.5298,37.91,39.7619,37.8958,38.1156,40.6157,36.8745,39.0521,39.9587,35.4409,
35.6532,36.3326,39.1347,37.4481,36.7413,36.7018,33.7237,39.0361,42.5543,40.518,35.2603,34.5392,37.6236,36.4264,37.006,36.674,34.7694,37.6214,40.6978,43.5352,36.6918,33.1907,33.3095,39.815,34.5342,38.8332,40.7425,38.4828,39.289,32.6434,37.3964,37.2587,32.9603,35.5438,31.5871,41.3441,42.1635,37.5593,39.5071,40.6535,36.6257,35.6721,35.533,38.2168,38.9203,34.3202,37.405,42.5179,40.2246,39.0359,36.2741,40.0485,32.7488,37.399,38.5314,39.0602,39.5036,37.2546,37.7413,38.6688,34.2331,37.1619,30.2316,36.0979,34.9922,40.1374,36.6748,43.0195,32.9127,35.1518,36.3821,41.2696,41.1102,34.1074,36.8589,38.1856,34.8865,33.0858,35.7124,34.1245,37.254,36.9799,
35.9451,33.406,35.8229,38.2228,34.1023,33.7728,38.9925,39.9005,38.3608,38.6033,37.3265,35.2768,40.9489,36.6585,32.3938,33.8305,38.03,44.7775,34.0728,38.9018,36.6758,39.8611,36.4802,38.1554,36.1283,32.6175,37.767,33.3926,34.2397,36.098,34.7843,35.659,32.4681,36.5709,39.0701,34.1209,36.5744,41.397,40.3255,34.5971,34.3157,33.9504,35.5341,37.4582,40.0244,32.5502,41.9849,31.3242,32.5402,34.7265,39.0935,40.3164,35.634,35.0243,40.608,38.105,38.9264,37.6981,36.2833,34.5627,36.3555,36.0124,35.7633,30.8152,38.6731,39.6051,36.2247,38.0718,
