179,209,293,255,269,392,418,417,385,366,361,328,400,376,504,574,587,596,581,552,534,595,547,655,645,623,566,557,566,575,588,588,583,614,696,683,740,770,735,649,683,665,661,654,669,688,639,631,582,657,615,583,716,678,650,746,721,723,722,657,794,656,701,609,607,578,588,634,609,627,658,599,646,617,593,600,640,633,675,686,628,588,
145,160,140,165,211,253,196,214,237,317,215,184,183,180,227,245,219,187,217,200,171,262,292,317,261,292,265,299,280,286,327,295,251,287,247,202,167,167,157,312,327,316,296,291,287,290,271,353,392,370,403,366,370,358,293,249,316,294,238,183,231,265,201,194,159,247,194,141,158,
168,149,241,221,219,205,200,221,201,160,156,135,170,186,248,270,241,218,226,203,238,268,245,434,329,328,234,264,285,289,269,280,280,317,316,272,237,234,229,197,189,220,203,179,202,192,212,233,211,239,212,217,193,193,224,203,190,183,165,198,176,192,159,185,147,158,220,165,153,
215,270,254,288,266,281,284,292,337,366,377,343,298,294,322,284,241,196,184,159,155,160,170,267,191,224,206,199,213,223,224,199,210,196,368,337,365,443,447,450,436,438,455,461,462,444,425,449,436,492,469,479,470,454,425,474,537,521,413,457,428,498,488,489,483,456,477,448,525,550,512,658,621,599,643,616,603,
145,165,136,311,214,226,221,278,283,313,340,264,262,267,225,239,232,174,186,155,200,156,185,142,172,186,220,140,209,205,201,251,227,211,198,213,193,188,182,237,204,200,284,226,241,244,220,239,228,186,219,209,193,271,240,236,235,206,182,190,167,166,186,205,
336,318,306,283,317,310,345,296,300,462,504,501,517,422,470,429,420,387,293,335,399,400,457,496,464,482,390,493,395,443,467,410,453,471,408,370,313,414,370,432,455,489,440,458,457,590,584,463,516,477,504,522,549,526,503,528,554,459,618,541,518,527,493,514,524,539,558,578,571,577,601,499,486,548,533,561,549,476,459,462,433,451,442,359,366,439,465,
161,241,185,229,215,228,224,197,199,155,149,166,148,144,265,284,306,307,294,304,309,274,301,311,294,275,327,339,336,258,192,195,179,178,152,193,234,247,223,223,264,272,183,186,183,140,168,149,136,137,173,201,270,340,294,281,209,277,245,229,270,299,328,351,273,393,279,374,
163,182,187,208,227,185,284,278,228,234,224,257,274,294,360,336,330,361,359,348,410,387,368,378,380,365,365,327,352,310,442,399,341,349,299,316,362,403,407,391,451,408,373,426,385,403,399,520,497,491,496,482,471,408,433,465,389,402,429,428,430,416,355,340,306,429,421,297,416,307,276,316,268,310,295,271,237,271,297,176,166,209,219,195,228,
144,144,160,135,161,260,209,196,192,198,302,219,270,351,355,345,317,329,285,342,294,302,288,437,344,428,342,317,333,311,323,337,375,376,360,411,398,423,382,374,391,412,404,419,376,410,384,357,348,349,368,383,470,537,475,413,374,572,452,537,446,431,448,540,596,654,675,650,661,634,648,767,
160,154,158,160,179,187,183,192,163,170,163,150,140,167,148,165,171,175,169,169,158,179,216,176,252,185,212,257,259,217,340,329,330,335,383,425,418,429,444,488,474,561,508,505,535,598,662,543,641,550,540,509,546,528,539,532,505,537,498,569,571,624,695,698,788,
183,159,174,157,154,153,145,163,168,286,227,221,186,221,228,225,190,184,185,185,183,170,204,164,208,158,175,179,168,276,245,273,269,263,270,266,259,265,281,347,285,259,243,215,235,281,203,216,181,160,154,167,155,159,215,193,223,241,221,251,259,247,254,241,286,
171,213,278,282,310,317,329,337,294,381,343,375,371,371,376,278,317,292,293,319,376,372,311,323,278,326,309,342,325,280,269,240,252,256,245,233,212,475,354,364,333,381,313,326,358,344,365,377,398,316,417,373,459,377,359,318,320,306,375,383,361,392,401,395,382,404,407,368,474,382,370,385,352,385,374,375,307,332,320,464,437,346,327,259,306,310,311,288,275,271,263,245,225,
188,188,184,250,233,200,195,203,212,205,206,152,220,209,193,186,197,147,212,208,145,189,224,210,187,228,312,375,375,312,331,356,340,334,339,302,320,349,439,447,431,464,415,387,432,524,435,435,428,524,446,520,396,429,369,454,450,480,466,394,395,396,422,430,415,465,462,492,370,438,379,391,405,404,407,
174,179,150,185,180,187,185,135,147,219,172,194,175,211,186,208,185,242,232,237,224,247,234,237,289,424,416,412,349,328,322,318,321,290,251,254,294,382,340,390,362,395,332,242,241,230,210,244,190,197,232,203,191,237,263,269,252,294,226,242,235,257,298,281,290,251,201,205,
152,166,179,208,176,195,262,228,241,196,296,247,289,193,314,242,284,278,289,333,311,359,346,315,376,348,357,475,457,425,363,389,339,427,577,560,505,490,470,471,474,488,526,537,511,489,442,493,499,479,484,426,575,571,474,546,555,461,511,688,626,730,730,711,777,787,773,810,
241,187,313,314,334,428,453,401,426,421,542,568,530,549,512,595,594,590,581,634,645,659,630,631,619,712,587,710,760,665,695,620,563,595,648,684,696,738,804,788,727,709,720,741,672,669,750,742,723,735,684,715,631,684,703,689,725,733,673,643,665,652,648,702,681,590,573,809,799,823,718,683,703,588,559,587,605,548,553,698,605,590,613,588,609,559,
153,171,172,139,283,273,240,193,191,194,304,307,293,330,240,263,231,243,207,254,311,208,166,212,211,196,147,177,194,293,253,261,240,231,230,231,250,229,199,213,177,133,330,315,225,223,244,241,277,260,275,286,338,252,250,236,185,249,269,230,203,226,200,220,196,257,212,170,168,177,174,178,199,
171,175,172,183,181,229,166,200,187,145,201,198,213,222,269,233,199,166,177,157,199,221,208,161,158,193,148,213,175,151,164,152,320,311,314,280,329,401,394,393,400,424,465,397,398,423,525,533,682,687,692,677,536,543,571,585,625,626,698,743,744,804,776,772,741,
167,154,157,179,244,232,189,187,197,165,316,257,192,239,269,279,301,276,238,264,332,324,310,283,277,224,258,173,171,128,224,186,150,197,211,153,159,148,171,235,216,158,186,183,250,161,148,153,144,150,179,217,200,189,213,202,161,152,175,147,194,192,227,223,217,221,
158,168,190,226,272,302,281,267,276,281,309,295,310,319,311,344,355,353,349,314,295,231,256,306,333,300,290,269,286,251,353,346,343,390,302,438,445,312,427,427,446,505,460,542,435,459,490,431,418,621,576,825,836,843,859,898,902,943,931,896,980,913,927,962,961,964,947,1033,1019,1037,1022,941,
151,166,142,195,164,187,212,215,224,250,216,181,157,161,161,186,169,210,224,226,194,270,216,207,238,216,184,201,152,136,175,123,160,140,147,169,170,157,169,174,146,218,167,178,195,166,349,283,290,
204,219,190,216,197,282,444,431,427,428,409,422,408,413,410,384,483,473,468,453,451,431,440,451,427,420,441,455,471,411,412,424,320,321,445,349,377,341,327,313,295,295,303,435,451,362,352,434,321,329,292,302,371,320,317,301,287,231,226,217,193,198,197,188,180,201,198,165,245,192,173,167,233,243,176,220,213,256,384,340,352,282,266,270,277,
150,152,162,165,177,163,176,181,152,136,181,163,191,156,194,171,206,238,172,238,155,215,207,188,158,158,150,164,182,237,224,218,171,223,205,211,208,199,284,206,229,236,284,297,221,246,309,311,287,203,228,292,203,219,267,211,208,221,215,233,275,203,212,240,242,200,
143,140,172,187,217,238,224,201,242,268,207,215,238,222,320,297,269,202,265,223,264,234,249,192,163,184,187,172,179,201,201,324,329,312,310,314,280,277,301,264,303,338,325,365,234,263,249,330,278,239,216,240,276,302,368,406,264,288,256,263,263,223,247,221,200,241,299,305,330,327,287,310,346,332,
304,323,297,282,318,301,337,339,397,341,384,339,416,323,437,444,415,370,381,407,425,356,322,407,357,350,368,395,411,297,406,367,382,468,369,453,397,395,398,399,375,357,360,366,450,470,492,457,361,448,352,374,355,334,317,346,375,354,338,195,293,251,260,266,193,165,173,263,213,256,237,232,234,211,238,249,208,219,209,173,156,166,
160,187,182,175,175,179,195,189,207,253,238,250,339,338,325,319,282,323,247,314,376,400,429,356,325,340,355,361,358,343,393,528,428,388,392,445,463,464,487,409,480,435,420,441,443,413,434,363,367,356,383,345,405,391,368,194,207,194,211,194,150,278,283,299,281,320,350,526,540,468,496,453,487,
176,179,176,189,157,162,172,229,212,232,166,182,167,233,242,216,154,210,269,266,308,240,250,232,370,328,329,325,248,374,419,390,394,392,407,290,275,285,331,367,363,397,384,397,244,384,265,258,224,220,190,246,167,318,254,229,187,242,272,231,202,215,263,324,295,230,184,206,207,207,200,153,152,165,147,175,253,226,214,199,
149,184,153,233,211,257,253,221,311,331,281,300,229,309,302,307,282,293,253,382,424,375,421,361,363,344,355,331,330,461,448,451,475,535,490,423,494,437,789,784,794,763,744,758,775,774,824,858,969,953,983,932,988,978,918,902,919,964,932,972,984,1076,1057,1078,1124,1136,1092,1139,1114,1090,1089,1133,
169,202,238,275,239,240,233,266,300,315,252,305,340,320,389,328,318,274,269,276,292,287,268,358,365,353,232,283,380,264,325,368,253,277,243,332,401,351,411,391,356,306,258,308,289,270,228,243,238,202,202,212,179,256,228,225,189,159,220,228,230,251,229,293,299,304,294,281,272,248,254,197,250,158,187,220,213,307,329,282,273,273,
146,137,146,172,167,149,202,235,187,174,166,192,209,204,174,177,209,230,175,190,189,176,173,220,213,193,255,287,255,244,273,262,281,245,261,231,260,275,281,275,203,170,182,164,169,133,171,127,132,142,165,214,186,222,229,232,247,280,228,237,220,283,246,199,209,215,153,168,
