167,162,197,191,201,173,192,184,192,175,157,160,171,155,157,169,160,191,187,223,162,172,168,165,180,187,189,146,182,176,175,175,153,140,178,165,178,155,155,166,168,160,174,171,159,165,158,194,145,176,157,165,150,171,164,178,154,204,203,229,210,212,238,242,253,226,202,197,171,202,175,193,
164,192,230,236,246,207,234,195,192,186,171,174,212,177,157,155,200,237,190,245,179,214,183,238,237,250,163,135,168,159,158,175,147,140,173,160,150,180,154,220,219,207,194,190,178,172,192,204,201,192,149,163,154,167,154,168,154,204,164,184,212,177,192,185,201,169,164,150,156,152,163,150,
177,187,187,203,203,167,187,200,155,157,153,166,158,175,155,161,177,198,190,175,177,165,176,166,178,192,162,214,185,178,186,187,152,151,155,155,162,158,143,260,213,208,196,183,200,154,186,196,172,212,180,150,176,177,175,191,232,231,171,184,203,172,171,175,196,170,156,153,159,152,164,142,
153,186,213,226,235,193,213,189,173,154,181,167,186,164,157,160,160,192,196,199,170,164,171,168,185,187,162,135,167,151,158,172,147,153,172,168,148,175,142,164,171,169,186,167,195,144,153,193,165,145,171,167,150,176,174,154,210,218,154,185,162,215,184,178,212,170,154,148,149,159,171,142,
172,182,205,212,225,203,191,201,174,174,155,160,160,164,166,160,150,171,190,199,170,164,164,162,169,181,162,135,180,163,173,182,147,140,182,169,150,180,139,166,183,203,192,186,175,151,149,187,163,166,166,150,175,178,175,191,232,231,162,185,204,173,172,190,177,167,170,148,150,152,163,
156,205,213,233,188,239,217,193,184,178,163,167,185,160,154,160,151,172,202,187,161,164,164,163,168,188,154,135,167,151,158,162,147,143,172,168,149,180,142,165,226,206,178,176,163,166,222,214,198,188,149,160,150,139,151,186,175,204,144,170,175,228,198,191,206,231,158,176,184,159,166,168,
167,162,197,191,201,173,192,184,167,158,151,168,186,153,155,179,170,215,191,203,168,166,177,166,188,201,162,135,168,159,158,175,147,140,155,157,162,148,154,164,163,154,183,176,164,149,174,194,169,153,149,157,150,139,164,186,175,204,144,170,175,228,198,191,206,231,158,151,150,167,165,142,
134,202,202,200,157,209,185,187,163,156,154,160,162,160,162,177,168,213,191,201,166,164,176,173,172,194,162,135,168,158,157,171,151,140,182,169,150,180,160,230,197,204,177,178,164,170,164,201,145,187,157,174,150,140,167,222,203,225,157,179,202,164,184,178,181,171,161,148,154,152,163,142,
158,182,194,196,166,220,204,193,193,176,161,167,167,173,154,185,176,228,191,202,167,172,177,168,172,195,182,135,178,154,162,159,154,143,189,183,182,159,199,201,168,218,197,189,179,158,179,189,169,175,157,174,150,178,175,191,232,231,173,184,203,167,166,189,183,170,154,153,159,152,163,142,
158,164,183,182,183,158,185,169,144,155,156,166,167,157,159,170,161,191,214,202,175,184,181,178,177,199,177,135,168,156,152,161,152,141,172,168,175,152,160,164,171,162,154,213,209,143,179,184,199,190,179,152,178,168,156,188,178,214,154,168,158,216,186,184,202,176,152,167,152,182,210,144,
167,162,197,191,201,173,192,184,184,170,153,166,167,157,159,159,163,151,190,211,188,164,164,164,161,176,151,172,167,160,207,165,147,140,172,168,149,180,142,165,150,151,194,186,174,140,134,186,145,176,157,174,150,140,164,222,204,223,163,179,200,160,177,171,179,163,157,162,156,184,228,169,
177,187,187,203,203,167,187,200,155,157,153,180,178,166,155,170,161,193,190,191,164,164,169,166,170,183,153,135,182,171,176,185,152,140,177,164,177,158,210,229,209,196,193,189,175,165,186,202,169,164,149,152,150,161,167,222,200,223,163,168,203,164,178,166,172,169,153,148,149,152,163,142,
172,190,202,249,263,247,233,216,192,186,171,160,160,158,154,160,151,172,190,199,170,163,164,162,174,181,187,142,188,181,188,185,150,140,173,160,150,180,154,166,170,199,182,175,159,165,178,194,175,213,174,178,154,168,156,169,154,204,144,184,211,180,194,182,183,184,151,152,158,152,164,142,
164,226,235,226,229,192,220,211,192,179,166,166,167,176,165,155,200,235,190,243,178,213,181,238,235,248,162,135,167,151,158,162,183,143,155,166,165,148,139,163,165,156,176,189,163,144,171,187,167,182,180,150,180,178,175,191,232,231,173,184,203,167,166,189,183,170,154,155,161,152,163,142,
177,187,187,203,203,167,187,200,155,157,153,167,185,146,165,159,155,176,199,205,183,171,165,162,161,167,162,135,179,161,160,173,147,143,155,179,178,170,139,230,183,216,156,187,181,177,178,200,169,153,171,167,150,178,175,191,232,231,173,184,203,167,166,189,183,170,154,148,154,152,163,150,
177,185,174,189,142,186,233,204,163,155,153,171,166,156,154,158,150,171,197,200,191,179,173,170,176,199,163,135,155,158,157,183,149,143,189,183,182,159,160,187,179,205,185,176,163,163,190,194,193,177,165,169,152,167,154,188,178,214,154,168,158,216,186,184,202,176,156,148,154,155,163,149,
167,162,197,191,201,173,192,184,192,175,157,166,167,151,154,169,160,192,190,200,174,164,168,165,170,187,157,136,136,150,156,174,150,141,155,166,148,179,140,164,167,158,178,191,164,152,173,197,167,147,171,169,150,168,161,142,176,194,200,220,198,203,218,228,241,215,189,197,171,200,174,
172,190,202,249,261,245,233,209,186,184,171,166,167,151,154,159,150,171,222,200,175,186,193,190,187,201,162,135,179,161,160,175,153,140,155,163,166,148,140,201,171,170,148,178,176,163,172,194,199,190,179,152,178,168,161,142,176,194,200,220,198,203,218,228,241,215,192,148,154,152,163,142,
134,186,200,207,215,179,201,165,184,175,157,167,167,173,154,159,150,171,190,191,162,164,164,164,167,180,189,146,182,176,175,175,151,144,155,166,148,173,154,164,167,158,178,191,164,148,174,193,187,167,149,159,154,161,167,222,200,223,163,168,203,164,178,166,172,161,153,148,149,152,163,142,
172,182,205,212,225,203,191,201,174,174,155,166,167,151,154,159,150,171,190,174,217,193,187,191,255,268,179,135,182,171,176,185,152,140,189,183,182,159,191,188,265,216,261,212,208,195,186,226,169,175,149,165,150,177,175,191,232,231,171,184,203,172,171,175,196,170,156,148,154,155,163,149,
172,190,202,249,261,245,233,209,186,184,171,174,201,166,161,157,150,171,197,200,191,168,175,172,176,189,177,138,182,163,166,175,149,143,155,179,186,179,139,164,165,156,173,183,171,140,157,192,145,176,149,159,150,178,175,191,232,231,162,185,204,173,172,190,177,167,170,148,154,152,163,142,
156,205,213,233,188,239,217,193,179,182,162,166,167,157,194,167,151,169,187,229,194,175,164,187,199,221,160,172,167,160,221,171,149,152,173,160,148,175,154,175,146,149,194,199,183,180,174,189,172,212,165,150,176,168,156,188,178,214,154,168,158,216,186,184,202,176,156,189,168,195,171,
172,182,200,199,213,179,201,191,166,178,163,182,218,175,157,167,174,180,190,192,163,164,167,164,168,181,187,135,168,156,152,162,183,143,172,168,148,175,142,159,164,155,183,176,164,150,175,195,169,164,149,152,150,161,167,222,200,227,157,181,191,161,184,178,181,166,161,148,154,152,163,142,
167,162,197,191,201,173,192,184,192,175,157,160,167,159,156,159,150,171,190,199,170,163,164,162,169,184,162,135,167,151,158,160,147,140,155,155,148,177,154,164,168,160,174,171,159,165,158,194,145,187,149,159,150,167,154,222,204,226,166,179,200,160,177,171,179,163,157,156,162,152,163,143,
177,185,174,189,142,186,233,204,158,155,153,160,169,159,195,168,168,159,222,200,181,186,188,208,198,207,162,135,167,151,158,162,147,140,172,168,149,180,142,165,171,203,186,182,169,172,183,183,190,192,149,173,154,163,169,222,202,223,163,168,203,164,178,166,172,161,155,148,149,157,163,142,
172,190,202,249,261,245,233,209,186,184,171,160,162,160,162,177,168,213,191,201,166,164,176,173,172,194,162,135,167,151,158,162,147,140,155,179,178,170,139,201,171,170,148,178,176,153,172,194,145,167,157,166,150,178,175,191,232,231,162,185,204,173,172,190,177,167,159,165,184,159,237,
172,182,200,199,213,179,201,193,166,173,167,166,167,157,159,170,161,191,214,202,175,184,191,188,185,195,198,156,192,176,185,187,152,140,182,169,150,180,139,166,171,203,186,182,169,159,173,190,149,173,181,180,166,165,149,166,154,204,144,167,180,145,170,161,170,173,149,148,150,152,164,142,
172,182,205,212,225,203,191,201,174,174,155,152,158,174,157,155,150,171,196,197,171,164,164,168,186,185,162,135,168,160,159,175,147,140,155,155,163,148,176,184,144,221,181,194,179,144,193,193,190,172,166,150,175,160,166,222,198,223,156,157,192,162,183,177,182,162,160,148,149,152,163,142,
172,190,202,249,261,245,233,209,186,184,171,174,201,166,159,155,150,171,197,200,191,179,173,170,176,199,180,135,179,162,161,182,149,151,173,160,166,148,176,184,144,221,181,194,179,144,193,193,198,189,149,168,151,176,174,191,236,232,165,191,207,166,190,182,187,166,151,148,154,155,163,
172,182,202,209,231,215,203,195,154,178,163,174,212,177,157,155,155,176,199,191,190,166,173,173,172,172,162,135,179,161,160,175,183,143,177,164,158,186,190,188,163,194,235,175,197,142,144,188,190,192,149,176,154,177,175,191,232,231,171,184,203,172,171,175,196,170,156,148,149,152,163,142,
