223,251,274,258,290,259,197,277,239,219,216,206,264,422,403,313,496,450,384,444,447,459,496,520,612,577,529,485,586,622,670,702,772,763,776,734,730,756,
223,251,274,258,290,259,197,277,239,219,216,206,264,422,403,313,496,450,384,444,447,459,496,520,612,577,529,485,586,622,670,702,772,763,776,734,730,756,
223,251,274,258,290,259,197,277,239,219,216,206,264,422,403,313,496,450,384,444,447,459,496,520,612,577,529,485,586,622,670,702,772,763,776,734,730,756,
223,251,274,258,290,259,197,277,239,219,216,206,264,422,403,313,496,450,384,444,447,459,496,520,612,577,529,485,586,622,670,702,772,763,776,734,730,756,
223,251,274,258,290,259,197,277,239,219,216,206,264,422,403,313,496,450,384,444,447,459,496,520,612,577,529,485,586,622,670,702,772,763,776,734,730,756,
223,251,274,258,290,259,197,277,239,219,216,206,264,422,403,313,496,450,384,444,447,459,496,520,612,577,529,485,586,622,670,702,772,763,776,734,730,756,
223,251,274,258,290,259,197,277,239,219,216,206,264,422,403,313,496,450,384,444,447,459,496,520,612,577,529,485,586,622,670,702,772,763,776,734,730,756,
223,251,274,258,290,259,197,277,239,219,216,206,264,422,403,313,496,450,384,444,447,459,496,520,612,577,529,485,586,622,670,702,772,763,776,734,730,756,
223,251,274,258,290,259,197,277,239,219,216,206,264,422,403,313,496,450,384,444,447,459,496,520,612,577,529,485,586,622,670,702,772,763,776,734,730,756,
223,251,274,258,290,259,197,277,239,219,216,206,264,422,403,313,496,450,384,444,447,459,496,520,612,577,529,485,586,622,670,702,772,763,776,734,730,756,
223,251,274,258,290,259,197,277,239,219,216,206,264,422,403,313,496,450,384,444,447,459,496,520,612,577,529,485,586,622,670,702,772,763,776,734,730,756,
223,251,274,258,290,259,197,277,239,219,216,206,264,422,403,313,496,450,384,444,447,459,496,520,612,577,529,485,586,622,670,702,772,763,776,734,730,756,
223,251,274,258,290,259,197,277,239,219,216,206,264,422,403,313,496,450,384,444,447,459,496,520,612,577,529,485,586,622,670,702,772,763,776,734,730,756,
223,251,274,258,290,259,197,277,239,219,216,206,264,422,403,313,496,450,384,444,447,459,496,520,612,577,529,485,586,622,670,702,772,763,776,734,730,756,
223,251,274,258,290,259,197,277,239,219,216,206,264,422,403,313,496,450,384,444,447,459,496,520,612,577,529,485,586,622,670,702,772,763,776,734,730,756,
223,251,274,258,290,259,197,277,239,219,216,206,264,422,403,313,496,450,384,444,447,459,496,520,612,577,529,485,586,622,670,702,772,763,776,734,730,756,
223,251,274,258,290,259,197,277,239,219,216,206,264,422,403,313,496,450,384,444,447,459,496,520,612,577,529,485,586,622,670,702,772,763,776,734,730,756,
223,251,274,258,290,259,197,277,239,219,216,206,264,422,403,313,496,450,384,444,447,459,496,520,612,577,529,485,586,622,670,702,772,763,776,734,730,756,
223,251,274,258,290,259,197,277,239,219,216,206,264,422,403,313,496,450,384,444,447,459,496,520,612,577,529,485,586,622,670,702,772,763,776,734,730,756,
223,251,274,258,290,259,197,277,239,219,216,206,264,422,403,313,496,450,384,444,447,459,496,520,612,577,529,485,586,622,670,702,772,763,776,734,730,756,
223,251,274,258,290,259,197,277,239,219,216,206,264,422,403,313,496,450,384,444,447,459,496,520,612,577,529,485,586,622,670,702,772,763,776,734,730,756,
223,251,274,258,290,259,197,277,239,219,216,206,264,422,403,313,496,450,384,444,447,459,496,520,612,577,529,485,586,622,670,702,772,763,776,734,730,756,
223,251,274,258,290,259,197,277,239,219,216,206,264,422,403,313,496,450,384,444,447,459,496,520,612,577,529,485,586,622,670,702,772,763,776,734,730,756,
223,251,274,258,290,259,197,277,239,219,216,206,264,422,403,313,496,450,384,444,447,459,496,520,612,577,529,485,586,622,670,702,772,763,776,734,730,756,
223,251,274,258,290,259,197,277,239,219,216,206,264,422,403,313,496,450,384,444,447,459,496,520,612,577,529,485,586,622,670,702,772,763,776,734,730,756,
223,251,274,258,290,259,197,277,239,219,216,206,264,422,403,313,496,450,384,444,447,459,496,520,612,577,529,485,586,622,670,702,772,763,776,734,730,756,
223,251,274,258,290,259,197,277,239,219,216,206,264,422,403,313,496,450,384,444,447,459,496,520,612,577,529,485,586,622,670,702,772,763,776,734,730,756,
223,251,274,258,290,259,197,277,239,219,216,206,264,422,403,313,496,450,384,444,447,459,496,520,612,577,529,485,586,622,670,702,772,763,776,734,730,756,
223,251,274,258,290,259,197,277,239,219,216,206,264,422,403,313,496,450,384,444,447,459,496,520,612,577,529,485,586,622,670,702,772,763,776,734,730,756,
223,251,274,258,290,259,197,277,239,219,216,206,264,422,403,313,496,450,384,444,447,459,496,520,612,577,529,485,586,622,670,702,772,763,776,734,730,756,
