201,211,224,243,189,243,335,234,304,234,229,173,223,207,216,205,289,311,279,263,231,268,280,280,294,381,274,250,236,241,308,234,212,197,172,164,165,161,198,232,223,251,308,304,303,286,293,356,262,196,306,288,269,342,326,307,356,346,394,397,364,325,348,355,477,364,444,
214,224,229,176,225,235,303,262,212,241,254,165,232,254,227,212,279,314,279,224,270,280,268,316,330,275,400,241,196,315,286,227,205,228,180,172,171,149,156,227,180,240,278,268,274,277,329,309,296,295,262,276,269,260,317,253,254,342,330,371,339,304,355,375,448,401,
145,231,226,229,245,211,308,268,230,209,260,165,224,223,218,276,293,279,293,240,291,234,292,325,332,380,288,238,235,292,301,231,240,238,172,168,169,155,192,188,247,204,319,275,274,196,365,346,268,257,263,282,259,341,342,288,362,349,399,356,396,335,341,351,396,498,377,
201,211,210,239,251,224,294,215,280,240,254,195,226,223,307,273,271,268,269,242,284,220,303,301,300,353,292,262,249,272,283,220,198,215,172,164,165,151,145,227,257,240,212,283,280,227,308,305,314,299,215,290,273,272,340,263,353,340,293,369,345,321,333,382,460,416,
214,224,229,176,225,235,303,262,212,241,254,169,227,192,223,277,276,273,248,236,269,243,265,293,370,366,268,210,268,212,311,201,243,228,169,158,171,151,189,201,263,210,251,203,283,326,322,318,304,301,223,270,307,308,239,365,361,349,342,355,398,331,326,370,390,499,
195,205,231,193,238,248,304,207,301,246,255,165,235,241,218,260,271,275,286,277,251,264,258,321,353,400,293,244,231,241,287,258,226,183,172,164,165,158,229,226,184,278,266,261,255,209,325,339,253,310,227,316,299,316,349,276,274,372,394,358,395,334,337,356,430,486,421,
201,211,210,239,251,224,294,215,280,240,254,167,228,252,239,222,276,301,282,225,283,302,297,294,310,368,213,207,306,289,297,228,205,216,172,164,165,151,146,227,245,236,222,288,279,235,309,305,297,284,279,256,281,209,334,267,268,334,367,370,336,336,366,375,446,431,366,263,
201,211,224,243,189,243,335,234,304,234,229,167,234,216,222,264,287,295,258,238,279,260,271,309,336,387,280,236,233,229,296,257,233,199,172,164,165,162,233,231,255,282,264,260,258,269,317,342,286,275,238,282,291,285,341,283,341,341,371,373,338,359,370,398,427,368,
140,231,228,229,202,256,260,303,212,243,250,179,203,237,220,216,255,277,247,297,263,244,297,285,283,301,269,245,229,256,288,233,213,180,176,179,188,166,189,241,251,242,300,296,294,308,334,330,262,306,285,259,315,372,366,302,367,388,379,399,375,353,357,435,471,448,
187,205,225,219,234,218,295,273,233,211,256,172,231,237,282,269,271,287,234,284,252,242,299,297,297,367,269,242,224,278,295,258,233,205,175,167,167,154,145,227,259,241,202,283,280,227,311,307,290,298,277,285,264,205,311,246,250,358,320,361,346,324,358,368,458,355,
195,205,231,193,238,248,304,207,301,246,255,195,221,186,242,256,297,300,304,245,296,249,246,308,321,384,304,254,235,248,308,253,215,191,172,164,165,149,144,227,257,239,211,283,280,227,308,304,278,302,232,276,275,263,335,288,301,323,367,370,335,313,337,376,455,440,
140,231,228,229,202,256,260,303,212,243,250,195,204,194,247,258,286,298,272,225,276,253,284,282,302,376,266,228,238,269,277,241,294,213,179,164,177,154,197,188,249,251,288,281,282,317,319,365,295,295,292,290,309,339,351,333,324,335,375,370,351,325,362,408,458,466,
201,211,210,239,251,224,294,215,280,240,254,167,228,252,239,222,276,301,282,225,283,302,297,294,310,368,213,207,306,289,297,228,205,216,172,164,165,151,156,210,172,281,258,250,275,205,318,327,251,287,195,263,288,275,325,251,331,360,365,384,351,326,334,395,458,431,371,
187,205,225,219,234,218,295,273,233,211,256,208,186,233,217,250,298,326,306,286,252,217,314,311,315,387,280,254,229,240,313,245,209,202,179,164,177,154,156,210,255,237,275,264,292,209,320,354,276,289,269,277,256,335,340,300,363,346,304,392,356,325,358,345,464,363,
145,231,226,229,245,211,308,268,230,209,260,165,224,223,218,276,293,279,293,245,226,296,320,315,320,219,423,257,252,279,303,260,236,211,172,165,165,152,226,217,243,293,260,256,249,192,322,235,356,320,220,243,306,296,310,291,332,345,343,372,348,344,359,364,455,428,
196,198,241,280,276,279,316,303,244,234,369,178,228,193,245,292,299,287,290,278,252,266,318,315,320,329,284,276,270,273,303,254,214,218,172,164,165,152,228,231,184,254,258,257,261,302,310,319,299,293,231,286,312,332,334,273,359,349,388,391,357,332,338,371,456,357,
201,211,210,239,251,224,294,215,280,240,254,167,229,253,239,222,276,301,283,264,245,302,297,294,310,368,213,207,312,284,297,228,212,205,172,164,165,152,228,230,184,282,266,260,253,191,333,357,257,285,195,269,279,306,351,298,321,351,372,383,359,343,346,353,459,431,376,
196,198,241,280,276,279,316,303,244,234,369,178,228,193,245,292,299,287,290,278,252,266,318,315,320,329,284,276,270,273,303,254,214,218,172,164,165,152,228,231,184,254,258,257,261,302,322,325,275,255,258,284,299,335,348,271,349,370,371,344,387,326,334,373,411,483,
226,230,222,245,250,210,272,291,249,228,223,165,230,259,237,215,283,288,269,282,246,259,319,303,317,261,378,197,264,279,287,227,223,247,174,166,166,151,156,210,172,281,255,259,260,207,316,330,257,287,290,286,266,195,310,249,263,338,356,364,337,324,366,405,445,427,378,
203,211,203,244,245,246,309,278,227,233,275,165,231,263,238,215,285,295,264,281,246,250,312,303,324,267,403,235,219,252,310,207,262,197,172,164,165,161,232,231,255,282,263,267,261,327,315,348,277,297,222,277,293,216,319,250,252,372,348,354,368,332,354,353,469,432,
203,211,203,244,245,246,309,278,227,233,275,165,231,263,238,215,285,295,264,281,246,250,312,303,324,267,403,235,219,252,310,207,262,197,172,164,165,161,223,227,257,248,279,272,272,333,331,339,276,292,225,291,301,348,342,312,347,350,367,372,343,346,369,374,453,394,
187,205,225,219,234,218,295,273,233,211,256,172,231,237,282,269,271,287,234,284,252,242,299,297,297,367,269,242,224,278,295,258,233,205,175,167,167,154,145,227,259,241,202,271,281,228,305,307,264,288,266,275,253,345,344,269,363,345,322,309,400,323,363,370,456,431,
214,224,229,176,225,235,303,262,212,241,254,169,227,192,223,277,276,273,248,236,269,243,265,293,370,366,268,210,268,212,311,201,243,228,169,158,171,151,196,188,250,250,274,272,270,220,338,326,304,312,246,265,280,348,339,263,245,341,353,371,335,357,362,411,451,383,
201,211,224,243,189,243,335,234,304,234,229,167,234,216,222,264,287,295,258,238,279,260,271,309,336,387,280,236,233,229,296,257,233,199,172,164,165,162,233,231,255,282,264,260,258,269,317,342,286,275,238,282,291,285,341,283,341,341,371,373,338,359,370,398,427,368,
140,231,228,229,202,256,260,303,212,243,250,226,205,179,228,266,266,263,247,266,269,250,286,310,313,361,284,242,228,262,288,220,213,204,172,164,165,151,156,206,151,233,263,271,269,205,326,319,293,299,241,283,260,342,339,262,349,332,374,373,345,362,370,386,446,420,
203,211,203,244,245,246,309,278,227,233,275,165,231,263,238,215,285,295,264,281,246,250,312,303,324,267,403,235,219,252,310,207,262,197,169,155,171,150,196,188,250,250,274,272,270,220,338,326,304,312,246,265,280,348,339,263,245,349,298,381,348,323,349,380,472,442,
201,211,210,239,251,224,294,215,280,240,254,167,228,252,239,222,276,301,282,225,283,302,297,294,310,368,213,207,306,289,297,228,205,216,172,164,165,151,156,210,172,281,258,250,275,205,318,327,251,287,195,263,288,275,325,251,352,389,341,361,350,326,347,341,490,457,273,
201,211,224,243,189,243,335,234,304,234,229,167,232,280,253,282,289,277,288,275,243,212,307,308,311,389,274,200,269,262,270,241,229,207,172,164,165,154,228,231,184,299,277,265,255,200,343,338,277,263,211,282,262,336,334,301,356,345,393,360,400,341,348,355,465,427,363,
195,205,231,193,238,248,304,207,301,246,255,165,235,227,218,261,285,275,279,279,244,238,307,310,307,375,224,305,234,256,296,276,240,211,189,165,180,158,196,188,250,206,319,275,274,217,364,352,257,291,266,283,308,338,342,303,364,348,368,345,397,337,347,346,450,398,
196,198,241,280,276,279,316,303,244,234,369,178,228,193,245,292,299,287,290,278,252,266,318,315,320,329,284,276,270,273,303,254,214,218,172,164,165,152,228,231,184,276,266,266,257,271,328,348,285,299,253,316,333,271,342,288,339,342,375,373,349,318,360,431,332,458,
