413,509,442,469,467,612,599,645,654,635,856,886,920,965,964,952,1128,1135,1307,1517,1528,1489,1521,1446,1454,1408,
413,509,442,469,467,564,561,656,656,635,856,884,928,963,966,953,1169,1136,1393,1499,1514,1470,1592,1485,1466,1454,
515,508,467,417,469,567,617,668,624,621,791,895,903,956,961,947,1167,1309,1363,1462,1512,1481,1582,1484,1493,
413,509,442,469,467,564,561,656,656,635,856,884,928,963,966,953,1169,1136,1393,1499,1514,1470,1592,1485,1466,1454,
413,509,442,469,467,564,561,656,656,635,856,884,928,963,966,953,1169,1136,1393,1499,1514,1470,1592,1485,1466,1454,
413,509,442,469,467,564,561,656,656,635,856,884,928,963,966,953,1169,1136,1393,1499,1514,1470,1592,1485,1466,1454,
534,520,480,452,445,435,620,615,637,666,849,881,938,952,931,911,1256,1254,1343,1484,1519,1477,1553,1472,1479,
534,520,480,452,445,435,620,615,637,666,849,881,938,952,931,911,1256,1254,1343,1484,1519,1477,1553,1472,1479,
534,520,480,452,445,435,620,615,637,666,849,881,938,952,931,911,1256,1254,1343,1484,1519,1477,1553,1472,1479,
413,509,442,469,467,564,561,656,656,635,856,884,928,963,966,953,1169,1136,1393,1499,1514,1470,1592,1485,1466,1454,
413,509,442,469,467,612,599,645,654,635,856,886,920,965,964,952,1128,1135,1307,1517,1528,1489,1521,1446,1454,1408,
534,520,480,452,445,435,620,615,637,666,849,881,938,952,931,911,1256,1254,1343,1484,1519,1477,1553,1472,1479,
413,509,442,469,467,564,561,656,656,635,856,884,928,963,966,953,1169,1136,1393,1499,1514,1470,1592,1485,1466,1454,
515,508,467,417,469,567,617,668,624,621,791,895,903,956,961,947,1167,1311,1340,1432,1487,1533,1534,1443,1454,1427,
534,520,480,452,445,435,620,615,637,666,849,881,938,952,931,911,1256,1254,1343,1484,1519,1477,1553,1472,1479,
534,520,480,452,445,435,620,615,637,666,849,881,938,952,931,911,1256,1254,1343,1484,1519,1477,1553,1472,1479,
534,520,480,452,445,435,620,615,637,666,849,881,938,952,931,911,1256,1254,1343,1484,1519,1477,1553,1472,1479,
515,508,467,417,469,567,617,668,624,621,791,895,903,956,961,947,1167,1309,1363,1462,1512,1481,1582,1484,1493,
534,520,480,452,445,435,620,615,637,666,849,881,938,952,931,911,1256,1254,1343,1484,1519,1477,1553,1472,1479,
534,520,480,452,445,435,620,615,637,666,849,881,938,952,931,911,1256,1254,1343,1484,1519,1477,1553,1472,1479,
534,520,480,452,445,435,620,615,637,666,849,881,938,952,931,911,1256,1254,1343,1484,1519,1477,1553,1472,1479,
413,509,442,469,467,612,599,645,654,635,856,886,920,965,964,952,1128,1135,1307,1517,1528,1489,1521,1446,1454,1408,
413,509,442,469,467,612,599,645,654,635,856,886,920,965,964,952,1128,1135,1307,1517,1528,1489,1521,1446,1454,1408,
413,509,442,469,467,612,599,645,654,635,856,886,920,965,964,952,1128,1135,1307,1517,1528,1489,1521,1446,1454,1408,
413,509,442,469,467,612,599,645,654,635,856,886,920,965,964,952,1128,1135,1307,1517,1528,1489,1521,1446,1454,1408,
534,520,480,452,445,435,620,615,637,666,849,881,938,952,931,911,1256,1254,1343,1484,1519,1477,1553,1472,1479,
534,520,480,452,445,435,620,615,637,666,849,881,938,952,931,911,1256,1254,1343,1484,1519,1477,1553,1472,1479,
413,509,442,469,467,612,599,645,654,635,856,886,920,965,964,952,1128,1135,1307,1517,1528,1489,1521,1446,1454,1408,
413,509,442,469,467,564,561,656,656,635,856,884,928,963,966,953,1169,1136,1393,1499,1514,1470,1592,1485,1466,1454,
515,508,467,417,469,567,617,668,624,621,791,895,903,956,961,947,1167,1311,1340,1432,1487,1533,1534,1443,1454,1427,
