394,404,601,612,622,617,631,1445,1395,1375,1384,1551,1608,1608,1807,1785,1797,1864,2001,2124,
394,404,601,612,622,617,631,1443,1409,1389,1409,1559,1584,1688,1665,1640,1872,1958,1996,
335,435,481,504,642,610,700,1454,1403,1382,1410,1510,1546,1571,1665,1640,1865,1995,1998,
394,404,601,612,622,617,631,1443,1409,1389,1409,1559,1584,1688,1665,1640,1872,1958,1996,
394,404,601,612,622,617,631,1443,1409,1389,1409,1559,1584,1688,1665,1640,1872,1958,1996,
394,404,601,612,622,617,631,1443,1409,1389,1409,1559,1584,1688,1665,1640,1872,1958,1996,
404,414,496,537,633,660,655,1457,1424,1440,1421,1414,1540,1583,1671,1791,1846,2013,1995,2097,
404,414,496,537,633,660,655,1457,1424,1440,1421,1414,1540,1583,1671,1791,1846,2013,1995,2097,
404,414,496,537,633,660,655,1457,1424,1440,1421,1414,1540,1583,1671,1791,1846,2013,1995,2097,
394,404,601,612,622,617,631,1443,1409,1389,1409,1559,1584,1688,1665,1640,1872,1958,1996,
394,404,601,612,622,617,631,1445,1395,1375,1384,1551,1608,1608,1807,1785,1797,1864,2001,2124,
404,414,496,537,633,660,655,1457,1424,1440,1421,1414,1540,1583,1671,1791,1846,2013,1995,2097,
394,404,601,612,622,617,631,1443,1409,1389,1409,1559,1584,1688,1665,1640,1872,1958,1996,
335,435,481,504,642,610,700,1454,1403,1382,1410,1510,1546,1571,1665,1640,1842,1980,2040,
404,414,496,537,633,660,655,1457,1424,1440,1421,1414,1540,1583,1671,1791,1846,2013,1995,2097,
404,414,496,537,633,660,655,1457,1424,1440,1421,1414,1540,1583,1671,1791,1846,2013,1995,2097,
404,414,496,537,633,660,655,1457,1424,1440,1421,1414,1540,1583,1671,1791,1846,2013,1995,2097,
335,435,481,504,642,610,700,1454,1403,1382,1410,1510,1546,1571,1665,1640,1865,1995,1998,
404,414,496,537,633,660,655,1457,1424,1440,1421,1414,1540,1583,1671,1791,1846,2013,1995,2097,
404,414,496,537,633,660,655,1457,1424,1440,1421,1414,1540,1583,1671,1791,1846,2013,1995,2097,
404,414,496,537,633,660,655,1457,1424,1440,1421,1414,1540,1583,1671,1791,1846,2013,1995,2097,
394,404,601,612,622,617,631,1445,1395,1375,1384,1551,1608,1608,1807,1785,1797,1864,2001,2124,
394,404,601,612,622,617,631,1445,1395,1375,1384,1551,1608,1608,1807,1785,1797,1864,2001,2124,
394,404,601,612,622,617,631,1445,1395,1375,1384,1551,1608,1608,1807,1785,1797,1864,2001,2124,
394,404,601,612,622,617,631,1445,1395,1375,1384,1551,1608,1608,1807,1785,1797,1864,2001,2124,
404,414,496,537,633,660,655,1457,1424,1440,1421,1414,1540,1583,1671,1791,1846,2013,1995,2097,
404,414,496,537,633,660,655,1457,1424,1440,1421,1414,1540,1583,1671,1791,1846,2013,1995,2097,
394,404,601,612,622,617,631,1445,1395,1375,1384,1551,1608,1608,1807,1785,1797,1864,2001,2124,
394,404,601,612,622,617,631,1443,1409,1389,1409,1559,1584,1688,1665,1640,1872,1958,1996,
335,435,481,504,642,610,700,1454,1403,1382,1410,1510,1546,1571,1665,1640,1842,1980,2040,
