22.0273,24.2374,24.0757,28.0171,19.1639,
21.5733,16.2442,29.6559,21.6518,
21.4345,27.6089,27.1886,27.172,26.0502,

20.4156,28.5919,
18.3328,20.8142,30.9711,18.4869,25.6027,22.9687,25.5872,20.4477,21.8038,22.18,19.0152,28.6785,23.1101,
16.3638,
26.4631,19.6082,22.2857,
23.9224,25.1746,27.2058,20.3969,19.1754,18.4086,27.7885,
21.6805,20.6156,20.6392,26.3912,19.6658,26.9401,17.4442,23.8921,21.7087,24.4337,21.1822,
26.5174,
25.4153,16.32,19.1651,26.5326,28.0858,20.929,33.2749,21.1374,19.1258,
17.2126,22.3753,

24.5305,18.089,
19.9883,21.3006,26.374,27.4391,
21.8439,16.6114,30.4209,23.0611,16.8318,21.9375,17.4749,


16.074,18.2475,
25.6451,20.9094,
20.7935,27.5659,22.3469,18.507,23.8786,22.2348,20.2181,
22.619,22.1244,19.7259,22.5359,
30.8558,19.7765,29.1597,
18.5289,24.4617,22.9,23.3097,
20.2014,16.4764,
19.9915,
20.821,
26.372,24.9718,18.9981,19.2275,21.5503,18.6368,17.414,15.8741,23.9361,23.7224,
16.7202,
