155,
163,212,197,216,370,319,299,
168,182,151,221,181,239,135,191,191,
167,

167,152,177,162,192,167,152,251,194,198,220,170,182,232,246,252,789,

147,155,171,218,223,
173,234,248,236,253,211,234,
140,371,429,458,

164,211,201,154,190,206,224,198,157,203,231,167,

181,184,
146,
183,165,161,158,177,
225,202,191,233,252,244,232,249,249,234,231,166,




172,162,191,236,187,240,208,182,256,215,176,149,
162,182,
157,155,215,
268,242,
142,
161,147,

176,155,180,203,196,180,183,169,185,203,233,315,291,
190,2500,2514,2459,2406,2402,
