37.8397,
35.6944,38.9091,39.0303,41.2137,34.4064,37.3608,33.0262,
38.8504,41.6527,36.8987,33.6808,35.0254,36.9325,32.7812,35.8881,36.447,
38.0013,

40.6457,37.1875,33.4086,36.7052,38.9708,40.3252,36.0334,37.0848,38.3628,37.9364,36.7343,38.6063,34.9527,39.1959,36.6506,41.9679,36.8175,

35.7397,34.6508,40.3294,33.5656,38.624,
42.6738,35.4424,38.9151,36.6343,42.6081,40.0205,41.7613,
32.8558,32.3549,33.2922,42.2108,

40.5311,39.1602,38.1566,33.3005,39.0736,28.9928,35.6795,37.0369,36.0789,35.9831,40.935,37.9354,

38.2991,34.7892,
36.0454,
34.2178,39.9991,35.9688,36.5773,39.7913,
39.9222,32.7365,34.8726,33.8101,41.9767,36.5509,37.9882,37.4967,40.4661,35.8314,36.2253,39.9143,




39.2001,39.9582,35.2389,37.2927,33.3992,38.2587,35.1604,37.8199,32.8076,38.514,35.6333,36.2126,
39.8858,37.2595,
38.7396,37.9118,35.2958,
36.2355,45.4286,
34.9252,
39.5658,36.0429,

38.4572,37.3034,35.4013,40.2773,38.8573,39.6513,38.4173,34.9755,37.8317,39.6566,37.9165,35.3447,34.3934,
38.1591,35.6867,38.9068,33.4735,38.2605,36.2968,
