262,266,264,264,273,239,261,267,216,214,242,193,189,184,198,183,196,223,231,221,210,197,191,198,213,246,189,171,226,221,233,226,207,205,189,185,192,175,231,229,181,228,220,209,269,198,212,277,262,257,196,196,183,203,219,185,186,182,221,225,241,210,240,228,274,246,200,162,180,172,175,142,
228,232,233,230,210,255,246,151,226,179,175,191,196,182,196,170,197,223,184,196,168,166,165,171,185,199,178,228,221,216,215,221,202,200,189,185,192,175,281,300,265,253,262,279,301,242,236,335,278,262,199,208,214,197,190,206,211,204,196,205,190,159,212,224,242,221,213,162,180,172,175,
228,232,233,230,210,255,246,151,226,179,175,217,209,195,209,205,243,240,204,194,188,173,173,180,189,201,162,135,192,209,208,214,195,195,200,187,203,192,311,313,278,266,295,306,290,247,241,344,283,267,204,204,213,202,218,185,201,254,219,223,238,208,224,223,279,270,213,160,180,172,175,142,
249,250,243,250,252,226,248,238,203,214,206,191,196,182,196,181,194,202,199,208,173,177,171,168,185,207,162,135,181,186,197,203,237,213,157,165,178,155,139,232,185,221,194,212,248,203,219,251,270,295,224,245,280,217,261,224,225,217,194,238,220,184,199,193,200,206,192,148,154,155,164,
180,248,243,257,280,246,276,240,249,247,252,192,197,183,197,182,195,203,200,209,174,172,166,176,185,202,236,195,195,195,215,195,173,173,173,169,182,159,196,188,227,209,195,203,239,194,210,250,216,222,174,191,169,194,200,215,212,204,233,233,218,182,185,208,201,207,169,152,158,159,163,
200,210,206,204,238,210,244,222,171,196,181,228,220,217,220,244,264,255,213,193,173,175,184,183,192,225,162,227,233,228,227,233,214,205,203,190,206,195,234,295,249,237,229,228,278,207,221,297,312,307,246,291,269,266,271,257,255,243,229,262,195,238,210,203,221,245,191,149,168,156,179,
228,232,233,230,210,255,246,151,226,179,175,217,209,195,209,205,243,240,204,194,188,176,183,180,189,204,162,137,205,212,211,217,198,195,155,166,179,156,243,298,244,242,248,234,281,230,224,297,315,310,249,294,272,269,271,257,255,246,229,264,238,198,213,206,224,248,194,215,221,199,232,
262,266,264,264,273,239,261,267,216,204,232,228,220,217,220,244,264,255,213,193,173,175,184,204,203,225,210,171,226,221,233,226,207,201,182,169,182,159,196,188,227,209,195,203,239,194,210,250,216,222,174,191,169,194,200,215,212,204,233,233,218,182,185,208,201,207,169,201,218,226,
180,248,243,257,280,246,276,240,249,247,252,216,208,194,208,204,242,249,194,193,187,163,178,179,188,200,162,257,240,223,269,228,209,214,189,185,192,175,281,300,265,253,262,279,301,242,236,335,278,262,199,208,214,197,190,206,211,204,196,205,190,159,212,224,242,221,213,162,180,172,175,143,
200,210,206,204,238,210,244,222,171,189,174,191,196,182,196,170,197,223,184,196,168,166,165,171,185,199,154,141,192,209,208,214,195,195,204,197,268,191,258,205,184,201,188,224,225,165,205,225,198,291,230,230,235,233,264,230,231,223,192,239,226,195,209,200,240,223,190,152,167,155,167,
249,250,243,250,252,226,248,238,203,214,206,228,220,217,220,244,264,255,213,193,173,175,184,204,203,238,162,138,205,212,211,217,198,197,189,185,192,175,296,303,249,260,260,269,291,220,234,325,263,250,198,198,187,194,200,215,212,204,233,233,218,182,185,208,201,207,169,152,158,156,163,142,
249,250,243,250,252,226,248,238,203,214,206,192,197,183,197,182,195,203,200,209,174,178,172,169,185,202,162,257,240,223,269,228,209,214,203,190,206,195,234,295,249,237,229,228,278,207,221,297,312,307,246,291,269,266,271,257,255,243,229,262,195,238,210,203,221,245,191,157,181,159,228,169,
262,266,264,264,273,239,261,267,216,214,242,228,220,217,220,244,264,255,213,193,173,175,184,236,247,260,291,270,241,250,270,229,210,285,191,184,191,190,157,165,175,204,188,216,241,187,203,223,243,238,207,207,196,282,303,272,248,316,273,276,252,215,231,228,272,253,221,172,187,177,180,149,
200,210,206,204,238,210,244,222,171,189,174,217,209,195,209,205,243,240,204,194,188,176,183,180,189,201,236,195,195,195,215,195,172,172,203,199,212,244,358,303,247,260,247,291,275,220,234,325,263,250,198,198,187,192,208,220,212,236,205,245,178,226,194,191,205,204,162,157,163,158,170,144,
249,250,243,250,252,226,248,238,203,214,206,217,209,195,209,205,243,240,204,194,188,173,180,200,199,204,197,158,179,174,211,191,168,168,204,197,305,296,371,312,254,267,259,298,282,227,247,298,245,259,188,205,183,282,303,263,245,315,277,274,252,221,237,237,236,245,214,163,180,170,173,142,
180,248,243,257,280,246,276,240,249,247,252,216,208,194,208,204,242,249,194,193,187,163,201,208,207,212,163,145,205,212,211,217,198,195,182,172,185,162,243,298,244,242,248,234,281,230,224,297,315,310,249,294,272,269,271,257,255,246,229,264,238,198,213,206,224,248,194,152,180,159,171,
262,266,264,264,273,239,261,267,216,214,242,193,189,184,198,183,196,223,231,221,210,197,191,198,213,246,154,227,233,228,227,233,214,205,155,166,179,156,196,188,227,209,195,203,239,194,210,250,216,222,174,191,169,194,200,215,212,204,233,233,218,182,185,208,201,207,169,176,191,169,172,153,
262,266,264,264,273,239,261,267,216,204,232,191,196,182,196,181,194,202,199,208,173,177,171,168,185,207,189,158,179,174,211,191,169,169,155,166,179,156,160,168,178,207,191,219,243,190,206,226,243,238,207,207,196,186,212,175,178,203,192,218,197,157,181,185,203,199,154,148,154,152,163,
250,253,247,254,264,230,264,243,207,195,203,191,196,182,196,170,197,223,184,196,168,166,173,171,185,247,159,178,185,168,191,202,172,172,253,240,259,261,214,355,308,299,277,332,327,265,304,362,290,297,243,243,265,219,265,216,218,220,196,207,243,180,202,199,203,219,195,148,163,152,163,150,
180,248,243,257,280,246,276,240,249,247,252,192,197,183,197,219,263,258,206,222,204,178,185,182,191,225,223,227,205,219,239,198,168,195,253,240,259,261,214,355,308,299,277,332,327,265,304,362,290,297,243,243,265,219,265,216,218,220,196,207,243,180,202,199,203,219,195,148,157,225,
204,214,210,208,240,214,248,226,193,199,184,208,191,186,200,198,209,227,253,235,214,207,199,206,235,248,162,257,240,223,269,228,209,214,189,185,192,175,296,303,249,260,260,269,291,220,234,325,263,250,198,198,187,192,208,220,212,236,205,245,178,226,194,191,205,204,162,157,163,227,
228,232,233,230,210,255,246,151,226,179,175,217,209,195,209,205,243,240,204,194,188,176,173,183,192,201,197,158,179,174,211,191,169,169,204,197,305,296,371,312,254,267,259,298,282,227,247,298,245,259,188,205,183,199,202,219,212,201,192,237,269,234,278,277,288,280,250,266,272,261,
204,214,210,208,240,214,248,226,193,199,184,228,220,217,220,244,264,255,213,193,173,175,184,204,203,225,162,204,188,181,204,215,191,199,155,166,179,156,140,232,185,221,194,212,248,203,219,251,207,222,161,178,167,194,200,215,212,204,233,233,218,182,185,208,201,207,169,176,191,169,172,153,
249,250,243,250,252,226,248,238,203,212,229,194,190,185,199,184,197,223,237,219,198,189,183,180,211,244,154,144,192,209,208,214,195,195,200,187,203,192,234,295,249,237,229,228,278,207,221,297,312,307,246,291,269,266,271,257,255,243,229,262,195,238,210,203,221,245,191,149,168,156,163,150,
204,214,210,208,240,214,248,226,193,199,184,192,197,183,197,219,263,258,206,222,204,178,185,182,191,225,223,227,205,219,239,198,168,261,167,169,185,168,172,233,234,228,220,221,260,198,212,277,262,257,196,196,183,203,219,185,186,182,221,225,241,210,240,228,274,246,200,162,180,172,175,143,
262,266,264,264,273,239,261,267,216,214,242,191,196,182,196,170,197,223,184,196,168,166,165,171,185,199,199,171,280,263,275,268,261,260,161,165,178,155,196,188,227,209,195,203,239,194,210,250,216,222,174,191,169,194,200,215,212,204,233,233,218,182,185,208,201,207,169,152,158,162,165,
249,250,243,250,252,226,248,238,203,212,229,192,197,183,197,182,195,203,200,209,174,178,172,169,191,204,197,158,179,174,211,191,168,168,167,165,178,155,196,188,227,209,195,203,239,194,210,250,216,222,174,191,169,194,200,215,212,204,233,233,218,182,185,208,201,207,169,201,218,226,
262,266,264,264,273,239,261,267,216,204,232,211,194,189,203,199,234,231,231,223,195,193,187,207,210,235,162,135,205,212,211,217,198,195,189,185,192,175,296,303,249,260,260,269,291,220,234,325,263,250,198,198,187,194,200,215,212,204,233,233,218,182,185,208,201,207,169,152,158,156,168,
249,250,243,250,252,226,248,238,203,214,206,191,196,182,196,170,197,223,184,196,168,166,165,171,185,199,207,171,280,263,275,268,261,260,161,172,185,162,160,235,246,235,236,225,287,216,218,283,279,263,202,202,202,195,245,174,173,196,154,195,192,158,194,231,243,229,211,160,180,204,228,169,
200,210,206,204,238,210,244,222,171,196,181,217,209,195,209,205,243,240,204,194,188,173,180,200,199,204,207,171,280,263,275,268,261,260,161,172,185,162,196,188,227,209,195,203,239,194,210,250,216,222,174,191,169,194,200,215,212,204,233,233,218,182,185,208,201,207,169,176,191,169,172,
