306,308,241,237,271,262,286,277,252,231,236,240,269,397,448,282,550,421,437,463,467,491,663,546,641,610,559,620,686,672,704,778,771,768,713,718,
265,244,311,265,265,270,253,244,283,272,301,295,285,405,426,349,546,414,437,443,464,419,505,536,616,598,528,509,632,619,694,773,765,746,743,686,806,
245,231,339,288,294,296,287,273,268,250,298,322,345,474,432,251,529,444,396,479,477,480,665,561,628,609,578,577,573,654,748,763,760,678,731,747,753,
306,308,241,237,271,262,286,277,252,231,236,240,269,397,448,282,550,421,437,463,467,491,663,546,641,610,559,620,686,672,704,778,771,768,713,718,
265,244,311,265,265,270,253,244,283,272,301,295,285,405,426,349,546,415,438,443,461,420,563,537,611,599,543,516,588,623,663,738,838,792,752,694,800,719,
266,249,249,203,262,270,239,258,263,243,245,270,298,474,433,252,528,448,379,442,446,425,525,532,642,648,528,495,641,663,678,760,762,664,737,765,774,
306,308,241,237,271,262,286,277,252,231,236,240,269,397,448,282,550,421,437,463,467,491,663,546,641,610,559,620,686,672,704,778,771,768,713,718,
306,308,241,237,271,262,286,277,252,231,236,240,269,397,448,282,550,438,438,468,472,492,509,538,611,607,546,602,632,634,663,727,808,717,727,770,783,
245,231,339,288,294,296,287,273,268,250,298,322,345,474,432,251,529,444,396,479,477,480,665,561,628,609,578,577,573,654,748,763,760,678,731,747,753,
306,308,241,237,271,262,286,277,252,232,236,248,297,395,365,359,518,402,373,390,471,517,677,589,619,633,532,488,615,690,673,716,851,757,714,739,785,719,
245,231,339,288,294,296,287,273,268,250,298,322,345,474,432,251,529,444,396,479,477,480,665,561,628,609,578,577,573,654,748,763,760,678,731,747,753,
265,244,311,265,265,270,253,244,283,272,301,295,285,405,426,351,546,422,418,430,485,450,465,539,618,594,528,707,672,661,662,762,776,765,701,733,753,
282,301,254,229,243,249,230,251,268,246,221,276,342,472,436,251,533,408,373,437,460,427,515,556,625,600,529,674,639,650,752,767,758,786,709,694,803,
245,231,339,288,294,296,287,273,268,250,298,322,345,474,432,251,529,444,396,479,477,480,665,561,628,609,578,577,573,654,748,763,760,678,731,747,753,
265,244,311,265,265,270,253,244,283,272,301,295,285,405,426,349,546,414,437,443,464,419,505,536,616,598,528,509,632,619,694,773,765,746,743,686,806,
282,301,254,229,243,249,230,251,268,246,221,276,342,472,436,251,533,408,373,437,460,427,515,556,625,600,529,674,639,650,752,767,758,786,709,694,803,
266,249,249,203,262,270,239,258,263,243,245,270,298,474,433,252,528,448,379,442,446,425,525,532,642,648,528,495,641,663,678,780,794,718,717,756,756,
282,301,254,229,243,249,230,251,268,246,221,276,342,472,436,251,533,408,373,437,460,427,515,556,625,600,529,674,639,650,752,767,758,786,709,694,803,
282,301,254,229,243,249,230,251,268,246,221,276,342,472,436,251,533,408,373,437,460,427,515,556,625,600,529,674,639,650,752,767,758,786,709,694,803,
265,244,311,265,265,270,253,244,283,272,301,295,285,405,426,349,546,415,438,443,461,420,563,537,611,599,543,516,588,623,663,738,838,792,752,694,800,719,
266,249,249,203,262,270,239,258,263,243,245,270,298,474,433,252,528,448,379,442,446,425,525,532,642,648,528,495,641,663,678,760,762,664,737,765,774,
282,301,254,229,243,249,230,251,268,246,221,276,342,472,436,251,533,408,373,437,460,427,515,556,625,600,529,674,639,650,752,767,758,786,709,694,803,
265,244,311,265,265,270,253,244,283,272,301,295,285,405,426,351,546,422,418,430,466,425,660,558,588,591,542,607,638,677,677,702,771,732,817,764,765,700,
245,231,339,288,294,296,287,273,268,250,298,322,345,474,432,251,529,444,396,479,477,480,665,561,628,609,578,577,573,654,748,763,760,678,731,747,753,
266,249,249,203,275,258,233,286,255,235,214,299,340,470,440,252,550,513,416,489,494,497,502,650,644,603,543,595,679,665,706,761,783,756,759,694,842,
245,231,339,288,294,296,287,273,268,250,298,322,345,474,432,251,529,444,396,479,477,480,665,561,628,609,578,577,573,654,748,763,760,678,731,747,753,
245,231,339,288,294,296,287,273,268,250,298,322,345,474,432,251,529,444,396,479,477,480,665,561,628,609,578,577,573,654,748,763,760,678,731,747,753,
265,244,311,265,265,270,253,244,283,272,301,295,285,405,426,351,544,448,398,438,460,489,654,552,641,603,558,617,645,672,694,763,764,685,733,743,833,
265,244,311,265,265,270,253,244,283,272,301,295,285,405,426,349,546,414,437,443,464,419,505,536,616,598,528,509,632,619,694,773,765,746,743,686,806,
266,249,249,203,275,258,233,286,255,235,214,299,340,470,440,252,550,513,416,489,494,497,502,650,644,603,543,595,679,665,706,761,783,756,759,694,842,
