284,313,307,309,314,361,397,377,397,709,776,599,547,512,676,657,686,752,689,669,688,708,693,696,770,870,971,981,985,973,1045,938,1008,1010,895,971,973,1191,1143,1139,1228,
241,251,249,355,355,333,399,368,427,513,809,596,554,514,609,704,742,728,612,700,669,615,706,709,764,819,983,951,984,969,1049,975,942,1016,975,978,998,1070,1139,1191,1186,1207,
248,264,340,333,362,353,452,449,415,413,795,584,537,583,642,678,723,719,674,612,668,664,678,728,800,840,913,946,956,967,1040,968,960,983,933,966,1027,1063,1162,1164,1181,
284,313,307,309,314,361,397,377,397,709,776,599,547,512,676,657,686,752,689,669,688,708,693,696,770,870,971,981,985,973,1045,938,1008,1010,895,971,973,1191,1143,1139,1228,
241,251,249,355,355,333,399,368,427,513,809,596,554,514,611,706,742,726,610,697,669,616,707,710,761,836,962,932,968,958,1067,986,953,1040,987,988,998,1059,1105,1155,1231,1226,
253,257,255,355,355,386,406,379,382,671,796,585,537,584,646,676,718,705,674,660,642,661,698,701,770,870,909,944,950,928,1046,937,978,1011,943,1003,1016,1071,1185,1218,1171,1237,
284,313,307,309,314,361,397,377,397,709,776,599,547,512,676,657,686,752,689,669,688,708,693,696,770,870,971,981,985,973,1045,938,1008,1010,895,971,973,1191,1143,1139,1228,
284,313,307,309,314,361,397,377,397,709,776,599,547,512,676,657,686,752,689,669,670,687,698,696,772,857,924,1002,954,984,1050,986,903,971,970,993,1048,1093,1170,1277,1230,1214,
248,264,340,333,362,353,452,449,415,413,795,584,537,583,642,678,723,719,674,612,668,664,678,728,800,840,913,946,956,967,1040,968,960,983,933,966,1027,1063,1162,1164,1181,
284,313,307,309,314,361,397,377,397,707,800,545,598,592,662,645,712,712,667,717,716,693,683,767,784,857,912,1006,956,980,1053,985,957,1003,955,998,1013,1112,1130,1146,1214,
248,264,340,333,362,353,452,449,415,413,795,584,537,583,642,678,723,719,674,612,668,664,678,728,800,840,913,946,956,967,1040,968,960,983,933,966,1027,1063,1162,1164,1181,
241,251,249,355,355,333,399,368,427,513,809,596,554,514,609,704,742,726,610,698,670,666,715,713,757,818,1017,971,959,998,1037,969,940,915,859,966,1026,1019,1131,1204,1200,1184,
238,243,264,348,359,363,358,372,409,617,791,584,535,614,654,644,687,709,684,672,647,666,691,705,761,871,938,1004,950,964,1050,983,954,915,852,965,1001,1066,1129,1199,1161,1227,
248,264,340,333,362,353,452,449,415,413,795,584,537,583,642,678,723,719,674,612,668,664,678,728,800,840,913,946,956,967,1040,968,960,983,933,966,1027,1063,1162,1164,1181,
241,251,249,355,355,333,399,368,427,513,809,596,554,514,609,704,742,728,612,700,669,615,706,709,764,819,983,951,984,969,1049,975,942,1016,975,978,998,1070,1139,1191,1186,1207,
238,243,264,348,359,363,358,372,409,617,791,584,535,614,654,644,687,709,684,672,647,666,691,705,761,871,938,1004,950,964,1050,983,954,915,852,965,1001,1066,1129,1199,1161,1227,
253,257,255,355,355,386,406,379,382,671,796,585,537,584,646,676,718,705,674,660,642,661,698,701,770,870,909,944,950,928,1046,937,978,1011,943,1003,1016,1077,1160,1176,1203,1285,
238,243,264,348,359,363,358,372,409,617,791,584,535,614,654,644,687,709,684,672,647,666,691,705,761,871,938,1004,950,964,1050,983,954,915,852,965,1001,1066,1129,1199,1161,1227,
238,243,264,348,359,363,358,372,409,617,791,584,535,614,654,644,687,709,684,672,647,666,691,705,761,871,938,1004,950,964,1050,983,954,915,852,965,1001,1066,1129,1199,1161,1227,
241,251,249,355,355,333,399,368,427,513,809,596,554,514,611,706,742,726,610,697,669,616,707,710,761,836,962,932,968,958,1067,986,953,1040,987,988,998,1059,1105,1155,1231,1226,
253,257,255,355,355,386,406,379,382,671,796,585,537,584,646,676,718,705,674,660,642,661,698,701,770,870,909,944,950,928,1046,937,978,1011,943,1003,1016,1071,1185,1218,1171,1237,
238,243,264,348,359,363,358,372,409,617,791,584,535,614,654,644,687,709,684,672,647,666,691,705,761,871,938,1004,950,964,1050,983,954,915,852,965,1001,1066,1129,1199,1161,1227,
241,251,249,355,355,333,399,368,427,513,809,596,554,514,609,704,742,726,610,698,670,666,715,713,776,832,1024,977,959,966,974,992,952,1032,885,987,983,1096,1138,1170,1206,1198,
248,264,340,333,362,353,452,449,415,413,795,584,537,583,642,678,723,719,674,612,668,664,678,728,800,840,913,946,956,967,1040,968,960,983,933,966,1027,1063,1162,1164,1181,
253,257,255,355,355,386,406,379,411,631,791,585,536,528,650,621,676,671,696,633,676,691,698,688,695,855,916,956,969,957,972,982,1047,1043,890,992,1010,988,1184,1127,1251,1238,
248,264,340,333,362,353,452,449,415,413,795,584,537,583,642,678,723,719,674,612,668,664,678,728,800,840,913,946,956,967,1040,968,960,983,933,966,1027,1063,1162,1164,1181,
248,264,340,333,362,353,452,449,415,413,795,584,537,583,642,678,723,719,674,612,668,664,678,728,800,840,913,946,956,967,1040,968,960,983,933,966,1027,1063,1162,1164,1181,
241,251,249,355,355,333,399,368,427,513,809,596,554,514,611,706,740,726,610,693,681,683,700,688,769,851,917,1030,978,973,1018,978,949,1007,890,982,998,1029,1158,1101,1265,1195,
241,251,249,355,355,333,399,368,427,513,809,596,554,514,609,704,742,728,612,700,669,615,706,709,764,819,983,951,984,969,1049,975,942,1016,975,978,998,1070,1139,1191,1186,1207,
253,257,255,355,355,386,406,379,411,631,791,585,536,528,650,621,676,671,696,633,676,691,698,688,695,855,916,956,969,957,972,982,1047,1043,890,992,1010,988,1184,1127,1251,1238,
