450,450,463,420,455,450,538,641,643,674,766,817,881,897,946,934,1036,1253,1304,1314,1448,1471,1575,1461,1435,
450,450,463,420,455,450,538,641,643,674,766,817,881,897,946,934,1036,1253,1304,1314,1448,1491,1562,1466,1453,1426,
397,465,455,412,443,423,509,640,610,735,746,852,842,867,942,929,1115,1261,1317,1402,1514,1473,1575,1461,1435,1405,
377,492,447,413,452,544,484,628,659,639,746,845,843,883,945,1046,1241,1138,1317,1403,1515,1472,1576,1460,1455,
377,492,447,413,452,544,484,628,659,639,746,845,843,883,945,1046,1241,1138,1317,1403,1515,1472,1576,1460,1455,
377,492,447,413,452,544,484,628,659,639,746,845,843,883,945,1046,1241,1138,1317,1403,1515,1472,1576,1460,1455,
397,465,455,412,443,423,509,640,610,735,746,852,842,867,942,929,1115,1261,1317,1402,1514,1473,1575,1461,1435,1405,
450,450,463,420,455,450,538,641,643,674,766,817,881,897,946,934,1036,1253,1304,1314,1448,1471,1575,1461,1435,
397,465,455,412,443,423,509,640,610,735,746,852,842,867,942,929,1115,1261,1317,1402,1514,1473,1575,1461,1435,1405,
397,465,455,412,443,423,509,640,610,735,746,852,842,867,942,929,1115,1261,1317,1402,1514,1473,1575,1461,1435,1405,
450,450,463,420,455,450,538,641,643,674,766,817,881,897,946,934,1036,1253,1304,1314,1448,1491,1562,1466,1453,1426,
397,465,455,412,443,423,528,627,639,626,746,877,865,871,939,860,1056,1154,1329,1349,1480,1483,1569,1458,1468,1438,
450,450,463,420,455,450,538,641,643,674,766,817,881,897,946,934,1036,1253,1304,1314,1448,1491,1562,1466,1453,1426,
397,465,455,412,443,423,528,627,639,626,746,877,865,871,939,860,1056,1154,1329,1349,1480,1483,1569,1458,1468,1438,
397,465,455,412,443,423,509,640,610,735,746,852,842,867,942,929,1115,1261,1317,1402,1514,1473,1575,1461,1435,1405,
377,492,447,413,452,544,484,628,659,639,746,845,843,883,945,1046,1241,1138,1317,1403,1515,1472,1576,1460,1455,
377,492,447,413,452,544,484,628,659,639,746,845,843,883,945,1046,1241,1138,1317,1403,1515,1472,1576,1460,1455,
377,492,447,413,452,544,484,628,659,639,746,845,843,883,945,1046,1241,1138,1317,1403,1515,1472,1576,1460,1455,
397,465,455,412,443,423,509,640,610,735,746,852,842,867,942,929,1115,1261,1317,1402,1514,1473,1575,1461,1435,1405,
397,465,455,412,443,423,509,640,610,735,746,852,842,867,942,929,1115,1261,1317,1402,1514,1473,1575,1461,1435,1405,
377,492,447,413,452,544,484,628,659,639,746,845,843,883,945,1046,1241,1138,1317,1403,1515,1472,1576,1460,1455,
397,465,455,412,443,423,509,640,610,735,746,852,842,867,942,929,1115,1261,1317,1402,1514,1473,1575,1461,1435,1405,
377,492,447,413,452,544,484,628,659,639,746,845,843,883,945,1046,1241,1138,1317,1403,1515,1472,1576,1460,1455,
450,450,463,420,455,450,538,641,643,674,766,817,881,897,946,934,1036,1253,1304,1314,1448,1491,1562,1466,1453,1426,
450,450,463,420,455,450,538,641,643,674,766,817,881,897,946,934,1036,1253,1304,1314,1448,1471,1575,1461,1435,
397,465,455,412,443,423,509,640,610,735,746,852,842,867,942,929,1115,1261,1317,1402,1514,1473,1575,1461,1435,1405,
450,450,463,420,455,450,538,641,643,674,766,817,881,897,946,934,1036,1253,1304,1314,1448,1491,1562,1466,1453,1426,
397,465,455,412,443,423,528,627,639,626,746,877,865,871,939,860,1056,1154,1329,1349,1480,1483,1569,1458,1468,1438,
377,492,447,413,452,544,484,628,659,639,746,845,843,883,945,1046,1241,1138,1317,1403,1515,1472,1576,1460,1455,
377,492,447,413,452,544,484,628,659,639,746,845,843,883,945,1046,1241,1138,1317,1403,1515,1472,1576,1460,1455,
