22.7167,28.1573,24.8534,18.729,20.1575,25.9869,17.7697,23.9354,18.6146,20.0964,31.3633,17.1546,24.8407,19.4318,25.4133,16.7643,21.7531,27.8116,23.1155,23.1954,24.7097,20.0071,20.4078,19.0316,30.4462,
22.7167,28.1573,24.8534,18.729,20.1575,25.9869,17.7697,23.9354,18.6146,20.0964,31.3633,17.1546,24.8407,19.4318,25.4133,16.7643,21.7531,27.8116,23.1155,23.1954,24.7097,20.0071,20.4078,19.0316,30.4462,21.6203,
22.7167,28.1573,24.8534,18.729,20.1575,25.9869,23.9354,17.7697,20.0964,18.6146,31.3633,17.1546,19.4318,24.8407,25.4133,16.7643,21.7531,27.8116,23.1954,23.1155,24.7097,20.0071,20.4078,19.0316,30.4462,21.6203,
22.7167,28.1573,24.8534,18.729,20.1575,25.9869,17.7697,23.9354,20.0964,18.6146,31.3633,17.1546,24.8407,19.4318,25.4133,16.7643,21.7531,27.8116,23.1954,23.1155,24.7097,20.0071,20.4078,19.0316,30.4462,
22.7167,28.1573,24.8534,18.729,20.1575,25.9869,17.7697,23.9354,20.0964,18.6146,31.3633,17.1546,24.8407,19.4318,25.4133,16.7643,21.7531,27.8116,23.1954,23.1155,24.7097,20.0071,20.4078,19.0316,30.4462,
22.7167,28.1573,24.8534,18.729,20.1575,25.9869,17.7697,23.9354,20.0964,18.6146,31.3633,17.1546,24.8407,19.4318,25.4133,16.7643,21.7531,27.8116,23.1954,23.1155,24.7097,20.0071,20.4078,19.0316,30.4462,
22.7167,28.1573,24.8534,18.729,20.1575,25.9869,23.9354,17.7697,20.0964,18.6146,31.3633,17.1546,19.4318,24.8407,25.4133,16.7643,21.7531,27.8116,23.1954,23.1155,24.7097,20.0071,20.4078,19.0316,30.4462,21.6203,
22.7167,28.1573,24.8534,18.729,20.1575,25.9869,17.7697,23.9354,18.6146,20.0964,31.3633,17.1546,24.8407,19.4318,25.4133,16.7643,21.7531,27.8116,23.1155,23.1954,24.7097,20.0071,20.4078,19.0316,30.4462,
22.7167,28.1573,24.8534,18.729,20.1575,25.9869,23.9354,17.7697,20.0964,18.6146,31.3633,17.1546,19.4318,24.8407,25.4133,16.7643,21.7531,27.8116,23.1954,23.1155,24.7097,20.0071,20.4078,19.0316,30.4462,21.6203,
22.7167,28.1573,24.8534,18.729,20.1575,25.9869,23.9354,17.7697,20.0964,18.6146,31.3633,17.1546,19.4318,24.8407,25.4133,16.7643,21.7531,27.8116,23.1954,23.1155,24.7097,20.0071,20.4078,19.0316,30.4462,21.6203,
22.7167,28.1573,24.8534,18.729,20.1575,25.9869,17.7697,23.9354,18.6146,20.0964,31.3633,17.1546,24.8407,19.4318,25.4133,16.7643,21.7531,27.8116,23.1155,23.1954,24.7097,20.0071,20.4078,19.0316,30.4462,21.6203,
22.7167,28.1573,24.8534,18.729,20.1575,25.9869,23.9354,17.7697,20.0964,18.6146,31.3633,17.1546,19.4318,24.8407,25.4133,16.7643,21.7531,27.8116,23.1155,23.1954,24.7097,20.0071,20.4078,19.0316,30.4462,21.6203,
22.7167,28.1573,24.8534,18.729,20.1575,25.9869,17.7697,23.9354,18.6146,20.0964,31.3633,17.1546,24.8407,19.4318,25.4133,16.7643,21.7531,27.8116,23.1155,23.1954,24.7097,20.0071,20.4078,19.0316,30.4462,21.6203,
22.7167,28.1573,24.8534,18.729,20.1575,25.9869,23.9354,17.7697,20.0964,18.6146,31.3633,17.1546,19.4318,24.8407,25.4133,16.7643,21.7531,27.8116,23.1155,23.1954,24.7097,20.0071,20.4078,19.0316,30.4462,21.6203,
22.7167,28.1573,24.8534,18.729,20.1575,25.9869,23.9354,17.7697,20.0964,18.6146,31.3633,17.1546,19.4318,24.8407,25.4133,16.7643,21.7531,27.8116,23.1954,23.1155,24.7097,20.0071,20.4078,19.0316,30.4462,21.6203,
22.7167,28.1573,24.8534,18.729,20.1575,25.9869,17.7697,23.9354,20.0964,18.6146,31.3633,17.1546,24.8407,19.4318,25.4133,16.7643,21.7531,27.8116,23.1954,23.1155,24.7097,20.0071,20.4078,19.0316,30.4462,
22.7167,28.1573,24.8534,18.729,20.1575,25.9869,17.7697,23.9354,20.0964,18.6146,31.3633,17.1546,24.8407,19.4318,25.4133,16.7643,21.7531,27.8116,23.1954,23.1155,24.7097,20.0071,20.4078,19.0316,30.4462,
22.7167,28.1573,24.8534,18.729,20.1575,25.9869,17.7697,23.9354,20.0964,18.6146,31.3633,17.1546,24.8407,19.4318,25.4133,16.7643,21.7531,27.8116,23.1954,23.1155,24.7097,20.0071,20.4078,19.0316,30.4462,
22.7167,28.1573,24.8534,18.729,20.1575,25.9869,23.9354,17.7697,20.0964,18.6146,31.3633,17.1546,19.4318,24.8407,25.4133,16.7643,21.7531,27.8116,23.1954,23.1155,24.7097,20.0071,20.4078,19.0316,30.4462,21.6203,
22.7167,28.1573,24.8534,18.729,20.1575,25.9869,23.9354,17.7697,20.0964,18.6146,31.3633,17.1546,19.4318,24.8407,25.4133,16.7643,21.7531,27.8116,23.1954,23.1155,24.7097,20.0071,20.4078,19.0316,30.4462,21.6203,
22.7167,28.1573,24.8534,18.729,20.1575,25.9869,17.7697,23.9354,20.0964,18.6146,31.3633,17.1546,24.8407,19.4318,25.4133,16.7643,21.7531,27.8116,23.1954,23.1155,24.7097,20.0071,20.4078,19.0316,30.4462,
22.7167,28.1573,24.8534,18.729,20.1575,25.9869,23.9354,17.7697,20.0964,18.6146,31.3633,17.1546,19.4318,24.8407,25.4133,16.7643,21.7531,27.8116,23.1954,23.1155,24.7097,20.0071,20.4078,19.0316,30.4462,21.6203,
22.7167,28.1573,24.8534,18.729,20.1575,25.9869,17.7697,23.9354,20.0964,18.6146,31.3633,17.1546,24.8407,19.4318,25.4133,16.7643,21.7531,27.8116,23.1954,23.1155,24.7097,20.0071,20.4078,19.0316,30.4462,
22.7167,28.1573,24.8534,18.729,20.1575,25.9869,17.7697,23.9354,18.6146,20.0964,31.3633,17.1546,24.8407,19.4318,25.4133,16.7643,21.7531,27.8116,23.1155,23.1954,24.7097,20.0071,20.4078,19.0316,30.4462,21.6203,
22.7167,28.1573,24.8534,18.729,20.1575,25.9869,17.7697,23.9354,18.6146,20.0964,31.3633,17.1546,24.8407,19.4318,25.4133,16.7643,21.7531,27.8116,23.1155,23.1954,24.7097,20.0071,20.4078,19.0316,30.4462,
22.7167,28.1573,24.8534,18.729,20.1575,25.9869,23.9354,17.7697,20.0964,18.6146,31.3633,17.1546,19.4318,24.8407,25.4133,16.7643,21.7531,27.8116,23.1954,23.1155,24.7097,20.0071,20.4078,19.0316,30.4462,21.6203,
22.7167,28.1573,24.8534,18.729,20.1575,25.9869,17.7697,23.9354,18.6146,20.0964,31.3633,17.1546,24.8407,19.4318,25.4133,16.7643,21.7531,27.8116,23.1155,23.1954,24.7097,20.0071,20.4078,19.0316,30.4462,21.6203,
22.7167,28.1573,24.8534,18.729,20.1575,25.9869,23.9354,17.7697,20.0964,18.6146,31.3633,17.1546,19.4318,24.8407,25.4133,16.7643,21.7531,27.8116,23.1155,23.1954,24.7097,20.0071,20.4078,19.0316,30.4462,21.6203,
22.7167,28.1573,24.8534,18.729,20.1575,25.9869,17.7697,23.9354,20.0964,18.6146,31.3633,17.1546,24.8407,19.4318,25.4133,16.7643,21.7531,27.8116,23.1954,23.1155,24.7097,20.0071,20.4078,19.0316,30.4462,
22.7167,28.1573,24.8534,18.729,20.1575,25.9869,17.7697,23.9354,20.0964,18.6146,31.3633,17.1546,24.8407,19.4318,25.4133,16.7643,21.7531,27.8116,23.1954,23.1155,24.7097,20.0071,20.4078,19.0316,30.4462,
