403,403,434,554,623,620,692,1439,1397,1398,1493,1406,1531,1598,1669,1633,1806,2023,1993,2118,
403,403,434,554,623,620,692,1439,1397,1398,1493,1406,1531,1598,1669,1633,1806,1992,2009,2087,
401,411,428,554,619,601,709,1451,1415,1399,1470,1496,1452,1427,1665,1640,1815,2014,1993,
318,400,472,606,626,627,671,1393,1406,1400,1469,1402,1360,1695,1666,1640,1800,2029,1993,2061,
318,400,472,606,626,627,671,1393,1406,1400,1469,1402,1360,1695,1666,1640,1800,2029,1993,2061,
318,400,472,606,626,627,671,1393,1406,1400,1469,1402,1360,1695,1666,1640,1800,2029,1993,2061,
401,411,428,554,619,601,709,1451,1415,1399,1470,1496,1452,1427,1665,1640,1815,2014,1993,
403,403,434,554,623,620,692,1439,1397,1398,1493,1406,1531,1598,1669,1633,1806,2023,1993,2118,
401,411,428,554,619,601,709,1451,1415,1399,1470,1496,1452,1427,1665,1640,1815,2014,1993,
401,411,428,554,619,601,709,1451,1415,1399,1470,1496,1452,1427,1665,1640,1815,2014,1993,
403,403,434,554,623,620,692,1439,1397,1398,1493,1406,1531,1598,1669,1633,1806,1992,2009,2087,
401,411,428,554,619,601,709,1461,1411,1390,1606,1422,1558,1715,1649,1705,1814,1865,2000,2080,
403,403,434,554,623,620,692,1439,1397,1398,1493,1406,1531,1598,1669,1633,1806,1992,2009,2087,
401,411,428,554,619,601,709,1461,1411,1390,1606,1422,1558,1715,1649,1705,1814,1865,2000,2080,
401,411,428,554,619,601,709,1451,1415,1399,1470,1496,1452,1427,1665,1640,1815,2014,1993,
318,400,472,606,626,627,671,1393,1406,1400,1469,1402,1360,1695,1666,1640,1800,2029,1993,2061,
318,400,472,606,626,627,671,1393,1406,1400,1469,1402,1360,1695,1666,1640,1800,2029,1993,2061,
318,400,472,606,626,627,671,1393,1406,1400,1469,1402,1360,1695,1666,1640,1800,2029,1993,2061,
401,411,428,554,619,601,709,1451,1415,1399,1470,1496,1452,1427,1665,1640,1815,2014,1993,
401,411,428,554,619,601,709,1451,1415,1399,1470,1496,1452,1427,1665,1640,1815,2014,1993,
318,400,472,606,626,627,671,1393,1406,1400,1469,1402,1360,1695,1666,1640,1800,2029,1993,2061,
401,411,428,554,619,601,709,1451,1415,1399,1470,1496,1452,1427,1665,1640,1815,2014,1993,
318,400,472,606,626,627,671,1393,1406,1400,1469,1402,1360,1695,1666,1640,1800,2029,1993,2061,
403,403,434,554,623,620,692,1439,1397,1398,1493,1406,1531,1598,1669,1633,1806,1992,2009,2087,
403,403,434,554,623,620,692,1439,1397,1398,1493,1406,1531,1598,1669,1633,1806,2023,1993,2118,
401,411,428,554,619,601,709,1451,1415,1399,1470,1496,1452,1427,1665,1640,1815,2014,1993,
403,403,434,554,623,620,692,1439,1397,1398,1493,1406,1531,1598,1669,1633,1806,1992,2009,2087,
401,411,428,554,619,601,709,1461,1411,1390,1606,1422,1558,1715,1649,1705,1814,1865,2000,2080,
318,400,472,606,626,627,671,1393,1406,1400,1469,1402,1360,1695,1666,1640,1800,2029,1993,2061,
318,400,472,606,626,627,671,1393,1406,1400,1469,1402,1360,1695,1666,1640,1800,2029,1993,2061,
