159,169,162,187,205,171,193,166,128,154,151,160,152,148,155,155,163,150,197,196,186,168,170,168,172,167,151,135,136,148,147,167,147,140,155,155,162,148,139,159,178,166,162,138,160,133,128,167,169,175,149,161,150,167,154,133,163,164,146,150,169,138,164,152,163,154,149,148,154,152,163,142,
123,141,203,204,205,171,193,161,163,167,152,152,154,151,154,157,150,171,150,191,153,148,150,154,166,179,152,135,136,148,147,167,156,153,155,155,162,148,171,179,146,168,170,165,151,137,131,168,163,178,193,188,166,168,173,150,135,162,150,154,182,159,174,159,170,171,149,148,154,168,171,142,
123,180,188,190,193,161,183,189,154,154,151,152,150,167,156,155,171,158,197,196,186,168,170,168,172,167,151,135,136,150,158,159,147,140,155,166,148,173,139,164,164,149,171,164,148,141,135,169,162,145,149,159,150,132,151,150,124,152,146,178,165,138,171,164,175,155,149,148,149,152,163,142,
130,161,156,134,181,187,162,147,135,152,151,167,186,164,154,160,173,160,191,191,174,156,158,163,167,161,162,135,136,150,158,159,147,140,155,161,163,148,140,164,178,166,176,157,191,130,126,171,139,187,157,164,150,139,164,186,172,147,220,167,163,146,149,175,169,154,149,154,160,161,165,168,
130,161,156,173,174,140,162,147,155,158,167,160,167,158,160,159,163,158,150,187,149,151,153,157,157,170,151,135,136,148,147,169,152,143,155,155,162,148,139,159,145,149,162,159,145,130,125,167,169,164,181,180,166,154,179,207,196,220,153,157,169,159,159,185,190,154,149,148,149,152,163,142,
164,172,180,215,227,191,213,187,132,158,154,160,152,164,155,169,171,166,212,190,159,177,174,167,172,185,162,135,136,150,158,162,147,143,155,155,148,177,148,164,165,149,176,174,194,130,126,186,187,166,157,174,150,140,167,159,131,158,137,146,171,138,164,159,157,156,150,148,149,152,163,142,
123,139,167,181,182,157,186,158,143,152,151,180,152,149,154,155,163,150,150,187,149,151,153,157,164,157,162,135,168,152,159,161,147,143,155,155,148,177,148,164,178,166,175,156,196,143,155,179,187,189,149,168,151,167,154,162,134,171,141,152,169,140,166,150,160,154,178,155,161,152,163,142,
159,169,162,187,211,190,220,185,134,174,163,152,154,167,156,155,171,158,150,191,153,148,150,154,166,189,162,135,136,148,147,170,147,143,155,155,162,148,143,164,164,149,171,164,148,130,126,169,162,145,149,152,150,139,151,151,124,152,139,145,156,138,164,149,159,174,178,155,161,152,163,142,
130,180,176,178,179,148,165,201,157,150,161,152,150,149,154,155,163,150,150,168,148,148,150,153,165,170,162,135,136,158,157,170,147,140,155,155,162,148,140,230,179,178,188,173,195,134,128,178,162,145,157,164,150,139,151,151,124,152,150,154,182,149,164,157,160,171,149,148,154,152,163,150,
133,141,154,161,174,140,171,156,130,150,151,160,160,159,154,163,157,179,150,148,187,148,150,154,161,157,151,135,167,151,158,162,147,140,155,155,175,154,139,159,145,149,169,149,193,144,151,183,187,166,149,152,151,139,166,207,188,215,148,157,169,156,173,157,168,154,149,148,149,152,163,142,
123,139,154,169,182,145,165,146,126,158,153,180,174,156,154,155,163,150,150,168,148,148,150,154,159,160,162,135,136,157,156,166,147,140,155,157,162,148,139,164,165,149,162,159,145,130,125,173,171,163,151,152,150,168,161,133,162,161,146,150,156,138,164,157,168,154,149,148,154,152,163,142,
133,141,154,181,182,140,165,156,126,150,151,160,152,164,166,155,163,158,161,168,148,150,149,153,160,165,162,135,136,148,147,166,147,140,155,155,148,177,154,164,167,149,152,183,198,147,155,180,169,164,157,164,150,139,167,158,130,167,145,149,156,138,167,160,182,154,149,148,154,168,171,142,
133,141,154,192,193,168,188,163,154,160,151,160,152,148,155,155,163,150,150,168,148,148,155,154,159,160,162,135,136,148,147,166,147,140,172,168,149,181,142,232,179,178,190,173,197,134,129,178,145,198,149,160,150,139,164,158,130,157,146,150,169,146,164,155,162,154,149,148,154,168,171,142,
174,189,189,194,196,213,242,213,162,150,151,152,167,153,154,159,155,175,150,148,187,148,150,154,161,157,154,135,136,158,157,177,147,140,155,155,162,148,139,159,149,150,170,164,150,130,126,170,145,187,157,164,150,139,167,158,130,158,139,145,169,138,164,149,159,174,149,161,167,215,217,149,
137,158,154,169,178,140,169,144,137,158,156,167,186,164,154,160,166,198,150,191,153,148,150,188,178,191,161,135,136,150,158,162,147,151,155,155,162,148,139,169,172,155,176,157,191,130,126,172,164,145,157,160,150,139,166,158,130,157,146,170,164,138,171,164,186,154,149,148,154,152,163,142,
191,197,192,196,167,222,241,209,153,151,151,166,167,157,194,167,151,169,188,170,148,155,157,155,162,162,154,135,136,158,157,168,147,140,155,155,162,148,154,164,163,149,168,149,206,134,128,187,169,153,157,174,150,168,156,207,196,221,154,160,185,159,162,182,176,154,149,148,154,152,163,142,
159,169,162,189,210,176,206,166,127,160,153,152,167,153,194,167,169,155,161,148,189,150,152,156,159,168,162,135,180,163,173,182,147,141,155,155,162,148,139,159,144,149,169,149,193,144,151,170,145,176,157,165,150,139,164,202,231,229,174,178,193,184,199,193,191,165,159,148,149,152,163,142,
127,156,178,178,143,196,188,152,139,154,151,174,201,164,157,155,150,171,170,203,183,159,150,161,173,190,151,135,136,150,158,159,147,143,155,155,148,177,148,164,178,166,175,156,196,143,155,178,169,175,149,161,150,168,161,186,168,194,137,147,163,138,164,157,168,154,149,148,154,152,163,142,
174,182,194,186,190,165,226,199,151,158,151,152,150,149,154,155,150,171,150,195,160,148,151,153,165,186,154,135,168,156,152,161,147,140,155,155,162,148,139,159,144,149,179,162,186,154,155,190,198,182,149,160,150,139,151,151,136,163,156,174,231,196,195,199,229,183,169,148,154,152,163,142,
133,141,154,161,174,140,165,156,130,150,151,160,152,148,155,155,150,171,191,190,177,156,158,162,166,161,162,135,136,148,147,166,147,140,155,166,148,173,140,164,145,150,168,149,205,134,136,187,175,163,149,157,150,131,151,207,196,220,153,157,185,162,161,184,178,154,149,148,152,152,163,142,
123,141,154,181,182,151,168,156,143,150,151,174,201,164,157,155,150,171,161,148,189,150,152,156,159,168,149,214,185,178,186,183,148,140,155,155,162,148,139,164,174,169,169,144,176,134,132,169,162,145,149,152,150,139,164,186,172,147,220,167,163,173,172,198,199,165,160,156,152,182,220,152,
174,189,189,194,196,213,242,213,162,150,151,152,150,144,154,155,166,153,150,191,153,148,150,154,166,179,177,135,168,163,162,171,183,143,155,155,162,148,171,179,146,168,181,172,196,142,138,177,169,175,149,161,150,139,151,151,124,152,145,149,156,173,188,181,199,165,160,148,154,152,164,142,
149,162,200,202,222,199,185,167,132,167,163,152,150,144,154,155,150,171,150,195,160,151,150,153,165,186,162,135,155,151,158,160,147,143,172,168,149,180,154,165,144,149,169,149,193,144,151,170,163,145,157,174,150,140,164,186,168,194,137,147,163,140,164,157,168,154,149,152,158,152,163,142,
149,162,229,231,238,214,236,200,149,190,182,152,152,145,154,155,150,171,150,191,153,148,150,154,166,179,161,147,143,156,152,162,147,140,183,170,151,178,155,176,144,149,176,157,191,130,126,173,147,200,149,162,154,149,152,207,188,215,148,157,185,156,173,162,173,154,152,148,149,152,164,142,
133,141,154,181,182,157,188,158,143,154,151,152,152,168,157,155,163,159,150,191,153,148,150,160,166,179,162,135,179,162,161,182,147,140,155,155,162,148,140,164,145,149,170,164,150,130,126,168,196,188,174,150,177,168,161,133,162,161,146,150,156,138,164,157,168,154,149,152,158,152,163,142,
133,141,207,209,212,180,202,171,173,168,153,160,152,148,155,155,150,171,150,148,187,148,150,154,161,157,162,135,136,158,157,168,147,140,172,168,149,180,142,165,163,152,169,162,150,137,126,167,199,190,174,178,154,176,174,132,170,166,145,149,169,138,167,158,161,154,152,154,160,168,171,142,
130,161,156,173,174,140,162,147,137,158,156,152,150,145,154,155,154,175,150,168,148,148,150,154,159,164,151,135,136,157,156,172,149,146,155,155,162,148,171,179,152,184,171,152,192,139,145,180,187,182,157,174,150,132,151,150,124,161,146,170,156,138,171,164,175,154,149,148,154,152,163,142,
164,172,180,217,227,193,215,191,134,158,158,160,160,159,155,163,157,174,150,148,187,148,150,154,161,157,162,135,168,152,159,162,147,140,155,166,148,173,139,159,145,149,176,157,191,130,136,170,169,164,149,152,150,132,151,186,172,147,220,167,163,146,149,175,169,154,149,148,154,152,163,142,
138,153,207,216,221,182,204,168,175,175,156,152,154,167,156,155,171,158,161,191,155,150,152,156,168,181,162,135,136,148,147,166,147,151,155,166,148,173,139,164,145,149,176,157,191,130,126,170,164,145,157,160,150,167,154,162,134,171,141,152,160,140,166,159,181,154,149,148,154,152,163,142,
130,161,156,161,166,132,162,147,130,158,151,152,171,157,167,163,155,176,150,168,148,148,150,153,160,160,151,135,167,151,158,160,147,140,177,164,148,177,210,229,181,172,180,178,162,137,132,170,196,188,170,177,155,149,152,150,126,155,146,164,156,138,149,175,169,154,149,148,149,152,163,150,
