269,282,247,308,343,326,297,286,314,289,303,280,280,454,424,388,529,419,386,439,462,514,644,614,620,638,632,594,600,624,780,791,843,829,806,748,830,
229,278,320,270,271,322,302,302,300,289,291,279,278,449,419,299,461,485,410,460,490,484,647,626,679,643,492,601,686,666,685,724,728,770,726,799,841,
269,303,291,285,294,280,291,305,251,282,268,253,251,265,462,333,570,485,408,448,484,450,660,617,632,601,633,588,600,661,714,777,835,778,779,722,814,
216,228,371,342,348,347,322,336,313,309,308,296,366,470,442,323,517,423,394,444,470,483,721,628,621,637,558,584,730,722,726,806,832,738,699,820,
269,282,247,308,343,326,297,286,314,289,303,280,280,454,424,388,529,419,386,439,462,514,644,614,620,638,632,594,600,624,780,791,843,829,806,748,830,
255,248,339,309,301,304,280,258,296,292,295,278,412,453,452,332,556,501,466,501,501,458,718,607,674,640,592,585,723,727,726,825,824,741,795,791,
229,278,320,270,271,322,302,302,300,289,291,279,278,449,419,358,517,409,381,442,478,446,725,612,613,611,588,574,712,704,735,758,766,780,783,803,
229,278,320,270,271,322,302,302,300,289,291,279,278,449,419,299,461,485,410,460,490,484,647,626,679,643,492,601,686,666,685,724,728,770,726,799,841,
255,248,339,309,301,304,280,258,296,292,295,278,412,453,452,332,556,501,466,501,501,458,718,607,674,640,592,585,723,727,726,825,824,741,795,791,
229,278,320,270,271,322,302,302,300,289,291,279,278,449,419,299,461,485,410,460,490,484,647,626,679,643,492,601,686,666,685,724,728,770,726,799,841,
269,282,247,308,343,326,297,286,314,289,303,280,280,454,424,388,529,419,386,439,462,514,644,614,620,638,632,594,600,624,780,791,843,829,806,748,830,
229,278,320,270,271,322,302,302,300,289,291,279,278,449,419,299,461,485,410,460,490,484,647,626,679,643,492,601,686,666,685,724,728,770,726,799,841,
229,278,320,270,271,322,302,302,300,289,291,279,278,449,419,299,461,485,410,460,490,484,647,626,679,643,492,601,686,666,685,724,728,770,726,799,841,
269,303,291,285,294,280,291,305,251,282,268,253,251,265,462,333,570,485,408,448,484,450,660,617,632,601,633,588,600,661,714,777,835,778,779,722,814,
255,248,339,309,301,304,280,258,296,292,295,278,412,453,452,332,556,501,466,501,501,458,718,607,674,640,592,585,723,727,726,825,824,741,795,791,
216,228,371,342,348,347,322,336,313,309,308,296,366,470,442,323,517,423,394,444,470,483,721,628,621,637,558,584,730,722,726,806,832,738,699,820,
269,282,247,308,343,326,297,286,314,289,303,280,280,454,424,388,529,419,386,439,462,514,644,614,620,638,632,594,600,624,780,791,843,829,806,748,830,
269,282,247,308,343,326,297,286,314,289,303,280,280,454,424,388,529,419,386,439,462,514,644,614,620,638,632,594,600,624,780,791,843,829,806,748,830,
269,303,291,285,294,280,291,305,251,282,268,253,251,265,462,333,570,485,408,448,484,450,660,617,632,601,633,588,600,661,714,777,835,778,779,722,814,
216,228,371,342,348,347,322,336,313,309,308,296,366,470,442,323,517,423,394,444,470,483,721,628,621,637,558,584,730,722,726,806,832,738,699,820,
216,228,371,342,348,347,322,336,313,309,308,296,366,470,442,323,517,423,394,444,470,483,721,628,621,637,558,584,730,722,726,806,832,738,699,820,
229,278,320,270,271,322,302,302,300,289,291,279,278,449,419,358,517,409,381,442,478,446,725,612,613,611,588,574,712,704,735,758,766,780,783,803,
269,303,291,285,294,280,291,305,251,282,268,253,251,265,462,333,570,485,408,448,484,450,648,628,681,643,511,570,682,674,702,751,745,760,796,739,796,
255,248,339,309,301,304,280,258,296,292,295,278,412,453,452,332,556,501,466,501,501,458,718,607,674,640,592,585,723,727,726,825,824,741,795,791,
229,278,320,270,271,322,302,302,300,289,291,279,278,449,419,358,517,409,381,442,478,446,725,612,613,611,588,574,712,704,735,758,766,780,783,803,
255,248,339,309,301,304,280,258,296,292,295,278,412,453,452,332,556,501,466,501,501,458,718,607,674,640,592,585,723,727,726,825,824,741,795,791,
216,228,371,342,348,347,322,336,313,309,308,296,366,470,442,323,517,423,394,444,470,483,721,628,621,637,558,584,730,722,726,806,832,738,699,820,
229,278,320,270,271,322,302,302,300,289,291,279,278,449,419,358,517,409,381,442,478,446,725,612,613,611,588,574,712,704,735,758,766,780,783,803,
216,228,371,342,348,347,322,336,313,309,308,296,366,470,442,323,517,423,394,444,470,483,721,628,621,637,558,584,730,722,726,806,832,738,699,820,
229,278,320,270,271,322,302,302,300,289,291,279,278,449,419,299,461,485,410,460,490,484,647,626,679,643,492,601,686,666,685,724,728,770,726,799,841,
