25.58,23.0403,23.5735,26.4545,23.7715,21.4316,
23.3512,21.2595,21.2254,19.8366,21.6436,
20.953,25.6373,20.0483,24.3984,15.2059,23.1742,28.9994,16.0549,20.0512,21.0928,
23.3814,
27.2175,17.7643,22.5447,26.0732,19.7928,29.4175,21.0132,26.0929,21.9355,21.271,25.6034,22.9564,
19.5486,29.4124,20.8648,19.1586,18.4489,
18.5526,
21.9742,19.9877,20.8473,18.5755,
18.8867,28.505,
20.3433,26.6357,20.7189,18.8823,
22.4684,18.641,23.2313,22.7515,
23.8463,


21.4153,16.4551,20.6322,
24.237,23.8264,
22.3816,24.3522,21.6172,16.7966,
22.6172,
26.1117,19.3635,22.6368,30.3433,
23.7388,17.0889,21.3706,28.0352,
28.4954,25.9947,27.6923,19.4271,19.7806,33.0034,22.8579,30.4386,21.3365,23.3318,22.9457,28.342,21.8978,
18.8579,25.9648,
22.2749,26.014,21.0826,18.8253,20.475,18.8294,17.6805,24.0983,20.3689,
19.3008,21.5567,20.7033,
20.476,26.7437,
21.4933,21.9135,25.3109,29.4042,22.2868,
24.6206,21.1417,
21.0688,19.9014,20.989,23.3499,

25.8287,
