31.6683,34.8083,35.7404,34.2859,32.603,35.6073,38.9925,34.3816,39.4516,33.7881,37.7857,34.4474,40.2253,42.5607,36.0719,36.9429,38.4279,36.2942,
37.444,35.0975,30.6105,38.3609,
37.7532,34.8855,38.9732,35.2081,38.0363,38.4309,36.2958,35.3234,36.7953,43.2639,34.9729,36.2869,33.6685,
37.5457,
40.3713,37.0198,39.5568,38.6047,37.4317,37.9188,35.6036,35.079,36.2211,38.5954,40.2524,35.8206,35.5891,40.0771,38.4211,32.5703,31.3418,33.7512,31.8766,38.477,39.9652,37.2601,33.3541,36.2774,38.2639,37.5821,34.3718,36.047,35.5375,35.3047,39.2084,38.9951,
41.5438,37.5633,39.9981,34.2375,40.6716,33.8469,33.9772,36.5367,36.2754,38.0217,36.9987,35.609,35.8586,40.3944,
36.548,
37.3662,33.0357,38.968,35.9651,34.4296,34.2865,37.8676,39.2108,
33.4818,36.5005,
36.7564,37.0569,38.3034,38.3754,36.4136,40.7576,39.0839,39.2569,37.4197,38.8036,35.0289,39.077,35.5313,33.4643,37.8615,38.9972,
37.1426,41.7352,34.5373,37.8424,38.5253,34.8925,37.1307,
36.4149,33.962,36.2733,34.7669,
35.1772,
42.0474,37.3489,38.4998,
38.4438,36.3128,38.2559,38.6756,
37.6149,38.4983,36.8389,
39.2204,37.9741,35.2705,39.4498,34.039,45.7584,37.9053,
38.3143,39.7561,33.6092,
35.7239,32.5781,
35.4442,38.0917,42.1227,39.3234,38.7492,40.9905,31.9172,
45.8846,37.8994,37.9484,34.8939,35.2697,33.4218,37.7385,38.614,37.4199,40.5243,36.8985,38.2947,
34.5809,35.5927,37.8621,35.8567,36.57,37.1923,36.5478,
39.1395,41.5641,41.8467,34.8208,34.3251,37.2995,35.5684,35.7964,
39.8459,40.1153,38.7757,32.1394,37.5231,38.6284,36.3347,
38.6091,34.5103,41.2232,35.0176,34.3472,40.4851,35.0228,36.6159,31.5142,37.3152,39.3721,
35.6154,37.8772,31.2195,42.0598,32.2079,36.2056,36.1549,36.5191,37.5014,44.0952,37.38,32.1503,37.6774,37.2297,37.6328,40.6856,35.5798,37.3315,37.1104,36.6591,34.8878,
39.4031,40.2793,35.8746,40.7589,
34.2049,39.4493,40.5905,34.8165,36.0461,40.6152,34.9279,38.8049,36.683,32.4586,35.2849,33.8626,38.8176,38.4735,


