129,142,158,171,156,187,205,175,187,234,251,303,312,379,426,424,426,370,
159,143,147,243,
177,271,260,268,282,260,497,487,479,491,354,306,293,
191,
193,171,186,163,164,212,153,154,253,247,253,239,372,311,359,280,278,290,352,296,298,239,546,556,538,498,495,457,449,440,414,412,
251,188,189,153,259,254,234,348,353,269,292,349,398,318,
149,
200,194,218,164,168,157,238,217,
191,148,
212,218,211,216,207,429,401,427,379,377,371,383,435,391,462,385,
152,169,167,163,227,227,217,
181,166,186,223,
209,
170,155,236,
162,168,201,166,
181,194,159,
166,155,149,265,250,366,359,
199,171,136,
146,133,
169,172,257,276,284,336,320,
216,178,172,150,241,172,249,194,188,193,220,238,
166,162,183,154,148,208,208,
168,273,278,197,308,332,308,333,
242,196,184,290,310,280,326,
204,151,167,291,270,237,443,394,393,429,412,
217,224,162,236,157,281,243,306,265,292,175,258,299,308,333,325,418,381,389,402,380,
184,203,191,205,
141,166,165,142,240,236,218,233,263,204,206,332,294,336,


