252,241,270,213,254,263,200,285,250,222,227,213,243,380,409,330,504,420,369,381,449,488,492,521,622,620,539,566,659,638,705,765,762,694,760,725,800,741,
254,250,262,223,242,261,236,247,233,264,238,295,295,375,382,331,504,420,367,379,450,469,497,516,641,602,526,485,620,621,662,761,762,732,691,741,747,
254,250,262,223,242,261,236,247,233,264,238,295,295,375,382,331,504,420,367,379,450,469,497,516,641,602,526,485,620,621,662,761,762,732,691,741,747,
245,236,303,267,254,288,308,275,270,268,282,272,265,438,402,285,531,426,396,419,505,485,646,532,640,614,537,499,640,650,662,757,763,731,690,674,853,
245,236,303,267,254,288,308,275,270,268,282,272,265,438,402,285,531,426,396,419,505,485,646,532,640,614,537,499,640,650,662,757,763,731,690,674,853,
254,250,262,223,242,261,236,247,233,264,238,295,295,375,382,331,504,420,367,379,450,469,497,516,641,602,526,485,620,621,662,761,762,732,691,741,747,
252,241,270,213,254,263,200,285,250,222,227,213,243,380,409,330,504,420,369,381,449,488,492,521,622,620,539,566,659,638,705,765,762,694,760,725,800,741,
252,241,270,213,254,263,200,285,250,222,227,213,261,375,413,332,549,424,370,411,448,430,494,529,661,612,539,591,613,640,660,722,786,753,696,726,749,
252,241,270,213,254,263,200,285,250,222,227,213,261,375,413,332,549,424,370,456,461,427,505,532,611,608,625,587,565,640,686,758,758,753,768,732,748,
245,236,303,267,254,288,308,275,270,268,282,272,265,438,402,285,531,426,396,419,505,485,646,532,640,614,537,499,640,650,662,757,763,731,690,674,853,
213,279,232,219,256,261,237,244,245,234,209,253,262,355,401,287,549,416,378,438,452,477,493,523,660,614,551,588,577,616,663,772,766,673,760,703,745,767,
245,236,303,267,254,288,308,275,270,268,282,272,265,438,402,285,531,426,396,419,505,485,646,532,640,614,537,499,640,650,662,757,763,731,690,674,853,
252,241,270,213,254,263,200,285,250,222,227,213,261,375,413,332,549,424,370,456,461,427,505,532,611,608,625,587,565,640,686,758,758,753,768,732,748,
252,241,270,213,254,263,200,285,250,222,227,213,243,380,409,330,504,420,369,381,449,488,492,521,622,620,539,566,659,638,705,765,762,694,760,725,800,741,
213,279,232,219,256,261,237,244,245,234,209,253,262,355,401,287,549,416,378,438,452,477,493,523,660,614,551,588,577,616,663,772,766,673,760,703,745,767,
245,236,303,267,254,288,308,275,270,268,282,272,265,438,402,285,531,426,396,419,505,485,646,532,640,614,537,499,640,650,662,757,763,731,690,674,853,
252,241,270,213,254,263,200,285,250,222,227,213,243,380,409,330,504,420,369,381,449,488,492,521,622,620,539,566,659,638,705,765,762,694,760,725,800,741,
245,236,303,267,254,288,308,275,270,268,282,272,265,438,402,285,531,426,396,419,505,485,646,532,640,614,537,499,640,650,662,757,763,731,690,674,853,
252,241,270,213,254,263,200,285,250,222,227,213,243,380,409,330,504,420,369,381,449,488,492,521,622,620,539,566,659,638,705,765,762,694,760,725,800,741,
213,279,232,219,256,261,237,244,245,234,209,253,262,355,401,287,549,416,378,438,452,477,493,523,660,614,551,588,577,616,663,772,766,673,760,703,745,767,
245,236,303,267,254,288,308,275,270,268,282,272,265,438,402,285,531,426,396,419,505,485,646,532,640,614,537,499,640,650,662,757,763,731,690,674,853,
252,241,270,213,254,263,200,285,250,222,227,213,243,380,409,330,504,420,369,381,449,488,492,521,622,620,539,566,659,638,705,765,762,694,760,725,800,741,
252,241,270,213,254,263,200,285,250,222,227,213,243,380,409,330,504,420,369,381,449,488,492,521,622,620,539,566,659,638,705,765,762,694,760,725,800,741,
213,279,232,219,256,261,237,244,245,234,209,253,262,355,401,287,549,416,378,438,452,477,493,523,660,614,551,588,577,616,663,772,766,673,760,703,745,767,
245,236,303,267,254,288,308,275,270,268,282,272,265,438,402,285,531,426,396,419,505,485,646,532,640,614,537,499,640,650,662,757,763,731,690,674,853,
245,236,303,267,254,288,308,275,270,268,282,272,265,438,402,285,531,426,396,419,505,485,646,532,640,614,537,499,640,650,662,757,763,731,690,674,853,
254,250,262,223,242,261,236,247,233,264,238,295,295,375,382,331,504,420,367,379,450,469,497,516,641,602,526,485,620,621,662,761,762,732,691,741,747,
252,241,270,213,254,263,200,285,250,222,227,213,243,380,409,330,504,420,369,381,449,488,492,521,622,620,539,566,659,638,705,765,762,694,760,725,800,741,
254,250,262,223,242,261,236,247,233,264,238,295,295,375,382,331,504,420,367,379,450,469,497,516,641,602,526,485,620,621,662,761,762,732,691,741,747,
252,241,270,213,254,263,200,285,250,222,227,213,243,380,409,330,504,420,369,381,449,488,492,521,622,620,539,566,659,638,705,765,762,694,760,725,800,741,
