201,211,220,212,239,205,262,305,214,231,247,163,229,221,250,264,272,269,290,277,251,232,288,312,312,371,301,253,225,276,303,224,212,218,178,157,148,177,145,218,246,236,278,268,270,201,329,309,269,263,259,271,250,352,338,267,338,358,297,326,370,353,362,392,411,376,501,
183,184,230,222,236,220,283,259,220,236,241,177,178,224,220,244,304,308,298,230,211,304,290,312,313,357,301,251,224,278,303,225,212,237,159,182,172,148,141,230,185,237,232,265,278,214,334,357,277,265,195,282,267,257,203,313,246,378,321,367,332,342,346,380,405,451,386,
203,212,203,214,241,207,305,264,226,207,284,178,225,251,246,252,282,279,284,265,246,266,302,308,318,383,268,238,206,276,309,236,209,207,176,164,166,151,139,212,172,229,279,268,200,291,328,350,250,272,188,277,255,236,326,249,250,331,361,357,328,350,355,386,454,448,374,
201,211,220,212,239,205,262,305,214,231,247,162,235,217,219,254,271,297,279,222,287,269,266,308,313,378,301,254,214,322,301,228,211,222,178,160,148,177,147,220,260,251,242,246,257,276,296,280,269,279,261,284,270,347,331,287,338,330,279,373,306,349,358,372,451,360,
201,211,220,212,239,205,262,305,214,231,247,163,229,221,250,264,272,269,290,277,251,232,288,312,312,371,301,253,225,276,303,224,212,218,174,164,164,151,143,214,246,230,226,281,274,221,297,224,365,275,263,281,258,183,315,246,238,352,318,343,362,323,364,363,385,358,442,259,
201,211,220,212,239,205,262,305,214,231,247,162,235,217,219,268,294,291,246,226,279,254,270,299,298,364,281,239,226,282,296,224,213,215,176,164,166,151,142,212,172,229,268,281,200,292,328,351,251,273,189,277,256,237,327,250,251,332,359,358,333,341,352,390,437,452,376,
203,212,203,214,241,207,305,264,226,207,284,178,225,251,246,252,282,279,284,265,246,266,302,308,318,383,268,238,206,276,309,236,209,214,168,160,167,148,196,228,269,248,253,249,268,283,302,323,268,309,234,286,262,347,335,285,338,330,346,357,339,330,348,391,460,429,386,
179,183,221,237,250,277,289,207,287,238,253,179,202,231,245,258,293,298,293,234,285,244,262,319,329,212,232,432,239,236,303,231,207,194,159,182,172,148,139,203,172,230,198,269,272,220,329,327,280,260,286,281,260,268,313,245,234,357,326,349,343,311,351,403,454,332,
201,211,220,212,239,205,262,305,214,231,247,162,235,217,219,268,294,291,246,226,257,248,295,290,311,355,261,212,262,287,300,223,214,220,175,164,165,151,144,215,257,236,259,262,265,212,326,328,267,262,278,252,278,182,319,296,297,321,374,367,332,322,332,361,440,448,
201,211,220,212,239,205,262,305,214,231,247,162,235,217,219,254,271,297,279,222,287,269,266,308,313,378,301,254,214,322,301,228,211,222,177,164,167,151,217,217,255,236,212,277,281,216,304,305,292,288,235,285,264,207,326,262,348,330,347,365,345,304,350,350,444,367,
203,212,203,214,241,207,305,264,226,207,284,178,225,251,246,252,282,279,284,265,246,266,302,308,318,383,268,238,206,276,309,236,209,214,168,160,167,148,196,228,269,248,253,249,268,283,302,323,268,309,234,286,262,347,335,285,338,330,346,357,339,330,348,391,460,429,386,
179,183,221,237,250,277,289,207,287,238,253,179,202,231,245,258,293,298,293,234,285,244,262,319,329,212,240,428,246,231,307,236,204,194,182,160,173,150,196,209,241,232,256,264,273,196,344,339,265,261,186,180,284,349,320,222,252,372,348,371,347,316,352,370,462,437,382,
203,212,203,214,241,207,305,264,226,207,284,179,219,184,289,263,290,278,272,270,252,243,290,313,352,379,298,246,226,276,300,232,217,207,178,164,168,161,139,215,250,230,279,269,261,213,310,306,286,278,266,248,275,204,317,241,252,348,329,352,327,304,330,364,414,359,
195,205,217,212,210,250,285,268,239,218,253,169,227,221,216,265,289,275,290,223,275,250,288,307,306,375,265,224,212,294,303,233,203,237,178,159,168,161,139,231,253,244,204,250,279,209,312,308,261,283,192,253,279,271,320,243,233,359,357,351,327,306,346,400,438,399,334,
195,205,217,212,210,250,285,268,239,218,253,169,227,221,216,265,289,275,290,223,275,250,288,307,306,375,265,224,212,294,303,233,203,237,169,161,162,158,196,229,268,248,253,249,267,283,315,261,370,297,217,284,262,341,328,264,246,349,356,366,342,317,352,361,447,
201,211,220,212,239,205,262,305,214,231,247,163,229,221,250,264,272,269,290,277,251,232,288,312,312,371,301,253,225,276,303,224,212,218,174,164,164,151,143,214,246,230,226,281,274,221,297,224,365,275,263,281,258,183,315,246,238,352,318,343,362,323,364,363,385,358,442,259,
179,183,221,237,250,277,289,207,287,238,253,179,202,231,245,258,293,298,293,234,285,244,262,319,329,212,232,432,239,236,303,231,207,194,159,182,172,148,139,231,185,230,204,271,275,300,300,323,271,283,267,280,270,207,349,283,304,333,335,347,337,308,345,426,446,325,416,
179,183,221,237,250,277,289,207,287,238,253,179,202,231,245,258,293,298,293,234,285,244,262,319,329,212,236,429,246,227,310,233,201,194,169,161,162,153,196,228,268,248,253,249,267,283,302,319,271,308,271,275,255,184,322,274,321,337,364,367,337,342,356,420,448,473,
195,205,217,212,210,250,285,268,239,218,253,169,227,221,216,265,289,275,290,223,275,250,288,307,306,375,265,224,212,294,303,233,203,237,159,182,172,148,141,203,172,231,212,270,204,288,308,359,265,297,205,279,255,329,340,305,301,326,355,350,298,341,334,385,397,470,
203,212,203,214,241,207,305,264,226,207,284,178,225,251,246,252,282,279,284,265,246,266,302,308,318,383,268,238,206,276,309,236,209,207,169,161,162,161,198,231,252,238,282,270,212,279,334,358,287,278,250,265,262,338,253,331,354,353,346,374,344,326,344,357,458,443,388,
195,205,217,212,210,250,285,268,239,218,253,169,227,221,216,265,289,275,290,223,275,250,288,307,306,375,265,224,212,294,303,233,203,237,178,159,168,161,139,212,255,234,207,204,283,218,292,303,277,265,250,271,253,319,315,301,302,326,352,350,332,294,356,361,439,391,
183,184,230,222,236,220,283,259,220,236,241,177,178,224,220,244,304,308,298,230,211,304,290,312,313,357,301,251,224,278,303,225,212,237,159,182,172,148,141,230,185,237,232,265,278,214,283,344,281,266,284,280,262,272,319,249,250,349,340,360,338,314,359,390,219,457,
203,212,203,214,241,207,305,264,226,207,284,179,219,184,289,263,290,278,272,270,252,243,290,313,352,379,298,246,226,276,300,232,217,207,182,164,174,151,139,210,172,228,279,267,200,289,312,308,269,255,265,281,260,203,326,262,345,329,347,329,377,303,348,348,447,356,
203,212,203,214,241,207,305,264,226,207,284,178,225,251,246,252,282,279,284,265,246,266,302,308,318,383,268,238,206,276,309,236,209,214,168,160,167,148,196,204,247,230,277,269,264,216,311,307,286,279,271,276,255,179,309,276,277,335,359,368,334,356,358,382,457,356,458,
201,211,220,212,239,205,262,305,214,231,247,162,235,217,219,254,271,297,279,222,287,269,266,308,313,378,301,254,214,322,301,228,211,222,178,160,148,177,147,220,260,251,242,246,257,276,296,280,269,279,261,284,270,347,331,287,338,330,279,373,306,349,358,372,451,360,
195,205,217,212,210,250,285,268,239,218,253,169,227,221,216,265,289,275,290,223,275,250,288,307,306,375,265,224,212,294,303,233,203,237,159,182,172,148,141,230,185,237,232,265,278,214,283,344,281,266,284,280,262,272,319,249,250,349,340,360,338,314,359,390,219,457,
201,211,220,212,239,205,262,305,214,231,247,162,235,217,219,254,271,297,279,222,287,269,266,308,313,378,301,254,214,322,301,228,211,222,177,164,167,151,217,217,255,236,212,279,283,230,293,298,286,291,270,270,254,179,311,254,278,339,321,363,345,321,361,375,461,417,389,
203,212,203,214,241,207,305,264,226,207,284,172,232,224,219,261,291,284,283,270,244,247,286,313,314,391,289,223,254,244,312,248,209,198,168,160,167,148,197,204,248,230,199,269,273,221,329,329,281,261,287,255,282,272,212,319,254,369,342,345,359,341,351,374,457,435,367,
195,205,217,212,210,250,285,268,239,218,253,169,227,221,216,265,289,275,290,223,275,250,288,307,306,375,265,224,212,294,303,233,203,237,159,182,172,148,141,230,185,237,232,265,278,214,334,357,277,265,195,282,267,257,203,313,246,378,321,367,332,342,346,380,405,451,386,
183,184,230,222,236,220,283,259,220,236,241,194,202,172,235,254,288,285,294,230,281,236,224,336,336,264,384,196,260,255,284,235,226,192,169,161,162,148,196,205,247,230,278,269,271,213,333,337,262,251,231,286,269,257,330,276,344,330,356,365,333,305,361,434,448,346,
