133,141,207,209,222,197,240,216,201,213,198,191,196,182,196,170,188,202,222,212,197,188,182,179,239,260,155,215,221,216,215,221,202,195,189,185,192,175,243,278,237,242,242,231,281,230,224,296,257,241,188,197,175,194,210,206,209,193,184,188,197,162,187,198,209,215,160,150,156,160,163,142,
158,220,215,217,218,218,248,224,209,221,206,228,220,217,220,204,220,223,231,207,172,163,157,158,170,247,157,147,136,167,190,201,166,168,167,165,178,155,139,164,181,219,213,202,238,167,187,248,290,298,237,246,260,253,259,226,222,232,197,225,210,186,201,194,245,218,170,153,159,152,172,189,
234,261,256,258,273,239,261,251,216,191,231,191,196,182,196,170,188,202,231,221,206,197,191,198,225,246,203,158,205,212,211,217,198,196,195,182,189,166,160,168,187,178,185,195,225,160,154,222,198,216,157,174,163,139,181,159,168,177,162,180,181,146,169,162,184,182,155,212,218,196,229,
133,141,229,231,266,232,262,226,223,233,238,192,197,183,197,182,195,203,231,221,206,197,191,198,225,246,207,168,190,203,210,190,160,206,161,155,177,154,160,168,178,166,168,186,216,165,193,224,198,189,157,174,152,182,188,176,199,206,185,189,198,163,179,183,201,197,159,148,154,164,170,142,
158,220,215,217,218,218,248,224,209,221,206,191,196,182,196,170,197,205,161,198,163,154,161,158,168,191,162,257,240,223,269,228,209,217,161,165,178,155,139,270,250,254,283,294,278,235,229,320,261,255,201,201,179,195,198,176,173,193,172,184,185,150,207,200,240,226,199,185,191,169,172,142,
133,164,162,162,174,149,190,162,139,158,162,228,220,217,220,204,220,223,231,207,172,163,157,158,170,198,178,231,224,219,218,224,205,261,167,165,178,155,139,232,184,221,202,212,248,203,205,248,229,224,163,180,158,167,183,161,170,191,170,182,183,148,171,175,186,182,156,197,214,201,
133,141,207,209,222,197,240,216,201,213,198,192,197,183,197,171,188,202,188,208,173,164,158,160,172,247,165,147,205,212,211,217,198,261,167,165,178,155,139,270,250,254,283,294,278,235,229,320,261,255,201,201,179,190,206,161,170,191,170,182,183,148,171,175,186,182,156,159,165,153,164,146,
172,214,218,212,231,197,227,203,166,191,176,191,196,182,196,170,197,205,161,198,163,154,161,158,170,193,162,135,192,209,208,214,195,195,155,155,177,154,154,164,183,174,181,191,221,156,150,218,198,192,157,174,152,139,181,159,168,177,162,180,181,146,171,175,186,182,162,148,154,152,164,142,
234,261,256,258,273,239,261,251,216,191,231,191,196,182,196,170,197,205,161,198,163,154,152,162,168,191,207,168,201,184,200,201,186,182,202,189,205,194,270,302,280,268,297,308,292,249,243,334,285,269,215,215,204,191,207,162,171,192,171,183,184,149,174,178,189,185,154,185,191,173,176,142,
234,244,243,249,264,230,252,228,207,187,207,191,196,182,196,170,188,264,237,233,206,189,183,180,197,235,162,135,136,158,157,187,162,168,200,187,203,192,180,207,175,188,178,232,216,187,203,228,198,189,157,174,152,139,181,159,168,177,162,180,181,146,171,175,186,182,156,176,191,169,172,153,
172,214,218,212,231,197,227,203,166,190,175,192,197,183,197,219,221,243,226,222,195,178,172,169,186,225,218,227,198,219,239,198,168,195,204,197,245,174,239,206,211,228,222,211,247,202,196,248,290,295,224,233,280,217,246,209,209,205,192,196,197,162,178,182,200,189,158,212,218,196,229,
234,261,256,258,273,239,261,251,216,191,231,191,196,182,196,170,188,202,231,221,206,197,191,198,225,246,203,158,179,174,190,191,166,168,182,178,185,162,139,164,178,166,168,186,216,165,193,278,217,208,188,188,177,167,183,161,170,191,170,182,183,148,173,177,188,184,153,185,191,183,186,154,
229,239,239,245,260,226,248,224,203,183,203,193,189,184,198,181,194,202,222,212,197,188,182,179,286,327,210,215,198,186,218,198,186,170,182,178,185,162,139,232,184,221,202,212,248,203,205,248,303,298,237,246,260,253,259,226,222,232,197,225,210,186,201,194,245,218,170,153,159,152,163,142,
133,141,229,231,266,232,262,226,223,233,238,193,189,184,198,181,194,202,222,212,197,188,182,179,204,237,162,227,233,228,227,233,214,212,182,169,182,159,139,166,181,219,213,202,238,167,187,249,271,296,225,234,281,218,247,202,199,206,193,197,198,163,179,183,201,197,159,197,214,201,
229,239,239,245,260,226,248,224,203,189,209,192,197,183,197,171,188,202,222,212,197,188,182,179,204,237,162,257,240,223,269,228,209,214,189,185,192,175,231,229,181,228,209,201,269,210,212,277,262,257,196,196,183,190,206,161,157,146,194,212,231,196,211,204,255,228,192,157,169,160,163,150,
133,141,154,181,182,157,198,170,145,167,163,191,196,182,196,170,188,212,165,208,173,157,164,161,173,188,162,135,168,161,160,195,165,206,161,155,177,154,177,185,196,212,185,193,229,172,200,220,291,285,214,292,270,220,249,205,201,208,195,199,200,165,191,184,195,198,160,148,154,164,170,142,
234,261,256,258,273,239,261,251,216,191,231,191,196,182,196,181,194,202,231,221,206,197,191,198,225,246,203,158,179,174,190,191,166,168,195,182,189,166,177,185,196,212,185,193,229,172,200,220,198,216,164,181,159,167,183,161,170,191,170,182,183,148,173,177,188,184,153,205,211,189,222,
234,261,256,258,273,239,261,251,216,191,231,192,197,183,197,171,188,264,237,233,206,189,183,180,197,235,162,135,205,212,211,217,198,261,167,165,178,155,177,185,196,212,185,193,229,172,200,220,198,291,230,230,235,233,252,208,215,225,190,218,203,168,194,187,231,201,163,150,156,157,169,
133,164,162,162,174,149,190,162,139,179,164,228,220,217,220,204,220,223,231,207,172,163,157,158,170,319,208,258,229,224,223,217,210,236,155,165,178,155,139,270,250,254,283,294,278,235,229,320,261,255,201,201,179,190,206,161,170,191,170,182,183,148,171,175,186,182,156,185,191,176,179,142,
158,220,215,217,218,218,248,224,209,221,206,192,197,183,197,171,198,206,162,199,164,155,153,157,169,192,197,158,179,174,190,191,166,168,155,166,179,156,140,164,174,188,206,231,215,160,188,234,270,261,224,233,280,217,246,209,209,205,192,196,197,162,178,182,200,189,158,148,154,164,170,142,
158,220,215,217,218,218,248,224,209,221,206,192,197,183,197,219,221,243,226,222,195,178,172,169,223,256,188,191,185,168,191,202,191,177,155,155,177,154,154,175,180,171,178,188,218,153,147,237,198,189,157,174,152,139,181,159,168,177,162,180,181,146,169,162,184,182,149,185,191,176,179,142,
234,261,256,258,273,239,261,251,216,191,231,228,220,217,220,204,220,223,231,207,172,163,157,158,170,198,162,135,181,186,197,203,192,175,204,197,250,179,244,181,178,166,168,186,216,165,193,278,217,208,188,188,177,182,198,176,199,206,185,189,198,163,188,199,210,216,161,151,157,155,163,142,
133,141,229,231,266,232,262,226,223,233,238,191,196,182,196,170,188,264,237,233,206,189,183,180,197,272,189,204,185,168,191,202,172,172,155,155,177,154,160,168,178,166,168,186,216,165,193,278,217,208,188,188,177,194,200,202,198,193,184,188,197,162,187,198,209,215,160,150,156,154,170,189,
133,141,207,209,222,197,240,216,201,213,198,191,196,182,196,170,188,264,237,233,206,189,183,180,197,235,162,135,168,161,160,195,165,168,200,187,203,192,180,207,175,188,178,232,216,187,203,234,198,189,157,174,152,182,188,176,199,206,185,189,198,163,179,183,201,197,159,158,164,152,164,145,
193,210,205,208,227,201,223,199,162,179,175,192,197,183,197,182,195,203,189,209,174,165,159,169,173,322,219,220,191,186,202,203,186,175,204,197,250,179,244,181,178,166,168,186,216,165,193,218,198,189,157,174,152,194,200,202,198,193,184,188,197,162,187,198,209,215,160,150,156,157,170,151,
158,220,215,217,218,218,248,224,209,218,203,192,197,183,197,182,195,203,236,212,197,188,182,179,239,260,155,160,137,158,157,187,162,168,155,155,177,154,160,168,187,178,185,195,225,160,154,222,243,238,207,207,196,186,212,167,163,231,203,215,227,199,214,207,242,231,195,160,180,163,166,150,
133,141,229,231,266,232,262,226,223,233,238,191,196,182,196,170,197,205,161,198,163,154,152,156,168,191,207,168,201,184,200,201,190,173,155,155,177,154,243,278,237,242,242,231,281,230,224,296,249,233,180,189,167,194,200,202,198,193,184,188,197,162,191,184,228,198,161,191,206,253,266,
133,141,229,231,266,232,262,226,223,233,238,193,189,184,198,183,196,204,236,212,197,188,182,179,239,260,155,227,233,228,227,233,214,205,162,164,186,163,187,185,211,203,227,222,252,201,195,229,243,238,207,207,196,194,210,206,209,193,184,188,197,162,178,182,200,189,158,176,191,169,172,189,
229,239,239,245,260,226,248,224,203,183,203,192,197,183,197,171,188,264,237,233,206,189,183,180,197,235,197,158,179,174,190,191,166,168,155,165,178,155,160,168,178,166,168,186,216,165,193,224,198,189,157,174,152,194,200,202,198,193,184,188,197,162,187,198,209,215,160,150,156,154,170,142,
133,141,154,181,182,157,198,170,145,167,163,192,197,183,197,171,188,202,222,212,197,188,182,179,239,260,155,160,137,158,157,187,162,206,189,185,192,175,159,238,211,228,201,211,247,202,196,280,232,237,166,183,161,167,183,161,170,191,170,182,183,148,207,218,229,226,192,157,180,164,167,150,
