2.26734307378272
3.33705761755726
3.15385949583977
4.13592033559232
2.69459583874882
3.03912354891809
2.08016241101453
2.28226821165531
2.90446048889428
2.37953817899794
2.56561551802791
2.49255742375179
2.94936026210442
2.45056306231704
2.97970718943107
2.69145761308481
3.43721980797638
3.57030573253937
3.34586711765136
2.51817922665522
3.94400128859583
1.89337363733363
2.10043010625894
2.6781857757059
2.39946346076049
2.89730219136039
3.09894426009537
3.00291988396428
2.81851016955372
3.96409471961573
3.30174870189202
2.82850610924845
3.19640682201945
2.98931507192365
3.15547664301508
2.8623861789085
2.32310396607427
3.17117994290509
3.05157939663999
3.0214241748831
3.06385964011037
2.40769590192093
2.04245921866074
2.37724194615188
2.31365531176994
3.29195511718865
2.84771338919112
3.56017830766075
2.97783639604711
2.69720849934531
3.20025598015678
3.21612234912035
3.11404395293879
2.60985281694799
2.70967604353951
1.83474899487852
3.17666875487086
2.41839782301667
3.17095815771968
3.66903590373458
3.93786762360837
3.68180194255879
3.76586200816777
3.48437044411782
3.15488719726833
2.91049363857977
3.29706899671731
3.65672482869752
3.42643868342412
2.2536344291991
1.98079014840067
3.68736227129749
3.8134877882846
3.30489742244177
3.37557363859104
2.92995535967499
2.41146429080319
2.75590021865309
3.30615589947986
2.16938991822134
2.90427297714546
2.60871945859673
2.17512389705325
2.73044248418927
2.3256209447753
4.03395129726964
3.08790555994941
3.2488395628404
2.69091823347426
3.21115639683735
2.93456156578231
3.51057573513383
3.34223011325681
2.75068610658961
3.17546051764504
3.23768754254973
2.52760909660163
2.37872412474144
2.25613637761529
2.84621632242309
2.67139493816423
2.77464457244313
2.55974108655881
3.46480351390232
2.35856243179745
3.93597080328707
3.5004842856986
3.29253287380378
2.47886127027005
2.95556214934932
2.56614773750365
3.63543386734676
3.16824519522857
2.3781097763408
4.08603772893918
2.0173672172644
3.40728701292208
2.02105816900296
3.70327381350347
2.93584271332284
3.35113260794393
3.52637409785954
3.0229302704082
2.10492772543786
3.02932189014732
3.23569316998396
2.84638015456942
3.27629847900188
3.05682893477573
2.96409261499611
2.6599440117446
