7.62305831389133
7.60552711516861
10.5407151952248
13.1342667980329
13.9531696220286
12.20267508778
5.92620571740114
7.37209518653837
10.4431056253542
13.5050614130541
5.74298244280452
9.27214262405941
9.77353972703121
9.44038362163257
9.09659463887473
8.03553905091087
10.307782895636
10.042820849904
8.35778576180858
10.5054120947758
7.90264147298865
9.68227916423224
13.2277413806897
10.5022416561621
8.1065638176047
8.92888599099381
9.61109445819012
10.1799312508068
9.74717476619652
8.52285890972643
8.62818106417384
11.4889517901584
10.1637783510578
8.33871033490006
13.0452424285156
9.35505752092068
9.19836339462269
10.8338699237106
8.38424570031077
10.7647188482472
8.62347984728124
12.497100779657
10.2333848477161
8.8204065303263
10.9379891489373
7.96990609763567
9.61406072635349
8.7987986472344
10.4739879653157
11.7231632032975
8.0820900407972
11.9349752627377
9.67433423724879
7.48999896037521
9.38539156314553
8.91686708759966
7.48737981780758
8.09559014765289
12.9171263153264
9.04218456697519
9.44249199832682
9.96370858927413
11.7162618585106
9.1999088010315
10.5826473341883
12.1693074053255
8.01154836690694
7.55397146327285
11.7430775071163
12.6583274982152
12.7901297347907
12.9247675959477
7.68237825977956
10.1763413094446
10.319782444272
7.21892091709673
6.07360045470694
12.2702688775305
6.18930617485457
13.252758386661
11.0644609391127
11.2042264018049
9.53860325267658
5.10906540349244
9.97429996545084
10.7580264344171
9.74329257689782
11.3539826378758
4.8404252052065
9.15011466479851
6.76531891630363
8.86336641123475
11.616063632471
10.7813682409669
11.5924297210731
6.95696165368284
7.28486196969762
6.25132338706932
6.88467854374294
7.67019428066742
12.8294803366135
10.079939864654
12.6272679640805
11.0570312412017
6.6202220569832
12.3996124939836
10.3991780044883
7.87246689087075
10.5029846711715
10.4568262250264
9.33715281167857
13.2052210683935
7.60520920264378
11.1979159888454
6.54974515099427
9.76241176422714
9.25149713247521
9.14888248364794
11.1628900046884
9.32801042924327
11.2054367954136
7.27291830888382
11.1988505232818
12.7910065972812
8.57919329170811
10.6421802246127
8.74386890744467
8.33995383777336
8.7474259976109
13.7638694885022
11.8609178495472
