1.41640280637948
2.84464555022232
3.05325250001375
2.93851843362576
2.45171230859875
3.21788003226975
1.62519249519599
3.02482810298635
2.97750276741895
3.08695259705312
2.12950705260322
1.93101376670706
2.91189558069217
1.60692479842845
1.84168471676856
1.99975457942951
2.93944886994415
3.05347968900483
2.20897766671444
2.50750237679242
2.36677325543747
3.23154553956329
3.04141969018495
1.91610200785242
1.56357533105041
3.37235442360097
1.71430955459364
3.40550458697816
3.01030892846065
2.55953289258038
2.00375307070501
2.58833611392276
2.5391637357669
3.27612534282084
2.6622038562851
3.0231659943297
1.56633299619283
1.6709776842186
2.42162656981582
3.2972234629838
2.38400396481156
1.61303334460538
3.29722784286335
2.31167708920555
2.95487593320014
1.86607515384068
2.99411670452
1.98335486304159
1.37821069484695
3.06423922122256
3.00234584701178
2.47513591333826
2.82927856005903
2.77529637779428
3.04214362844469
2.07381009385383
2.81042698531451
2.55523401994708
2.83705720427369
2.44704956125519
1.68787004069583
1.64312233725437
1.39379830964569
2.14236716372534
2.16972932919986
1.41292730043721
1.35915876271636
1.83601762003165
2.40954444262062
2.03222417866595
2.47090111072334
3.01578130036241
1.36544278172899
2.58555917840309
2.35481249183351
1.75130349638402
1.85318232475016
1.8256230204901
2.74074663528332
3.25545410495033
3.29422467946247
3.33846662403729
1.51580838511297
2.95082938494058
2.05589015693923
2.72659825297552
2.58874607819784
1.56650265021601
2.67402860818855
2.43754332724758
2.21537609157816
1.57679296014674
2.63294047540035
1.58153581935146
1.95943926342297
2.51897096173915
3.11292238848943
3.16228684755906
3.08614793698755
1.80876046437949
1.44923428062159
1.88628606577513
2.55414037376032
3.36503371819365
2.82810621114224
1.80671779842989
1.49306222823341
3.28073724968692
2.59282866633944
1.63036913731308
2.64212103720114
1.44994760246656
1.68204877597389
2.9307516455831
2.28095743115461
2.89883844254147
2.03710110350994
1.96146806654222
2.50090421541464
2.23183539280503
2.71259447970721
2.40743629354793
2.12629941419307
3.08573252592646
1.91447681723919
1.52798986573813
2.08782586634306
2.68196732810964
3.34841211158477
1.96167462072771
1.96000825139894
