31.5500989370794
6.54999011107877
18.0014177697857
15.3915469893574
3.20794471925494
7.62800835336177
9.89575392663492
8.9964748761811
8.4097607486981
6.77766735451261
0.787885788404874
6.23094932336971
4.46905259821751
1.04339122859513
11.4583454370252
50.4677363826855
8.87683913218652
39.2453055310716
37.0552309316007
0.236504159955559
2.21415274350957
11.1561123160363
2.4208634630823
30.1628504987774
7.75617529989682
12.933168630775
51.4745455797984
13.1815564463083
9.48847841117027
5.26786505905854
9.62863538790555
0.736205957193425
1.96084378585823
25.4304932389229
23.6538091367628
16.91881092574
1.58424926464577
21.8684528051858
3.82995926030064
3.088421704034
31.7452044175977
1.93233902666876
37.2803815191867
10.7259108303256
0.628664087999935
8.76985816510161
2.08158714781532
1.58655137035216
74.4530601593977
64.4508078116973
