4.97796009783663
7.50441950759214
8.42089544332168
2.24119317557084
5.75006279719726
6.75405014022089
5.89970852356287
2.62817063066183
4.13676410723885
2.04336667177452
11.5471511869729
2.66960310157709
8.39717608746015
2.76363127741422
8.14644609877603
2.36907974913819
2.9134003281845
9.76647315487886
3.86111797717164
7.770511396345
4.16303636368077
3.7199317460789
6.41046500440361
3.45208627082182
9.50507072239734
4.57147203326013
4.05463427343978
2.16180532240192
4.9207739872531
2.2094043471441
6.96559405599596
10.1210555944117
3.7996463642083
1.26631810344187
7.14641077473669
4.16921849857251
7.56692588609125
3.17134472926297
7.67619280688587
7.27854004471557
5.10972417772528
10.9844444200161
4.09120021083834
5.62011897603996
9.24262430557929
4.07421449458003
5.59388200784394
6.41368693853747
4.65262650351893
3.96981478182625
