1.63374401443916
0.935941188454844
2.02529127886252
2.39440241385977
0.0962204446623678
7.01660255021022
3.34754418191171
6.61946145849003
15.1401808260139
7.61198952709313
5.26982244923573
53.1869757848018
13.2246769880975
11.9926394688433
7.3449402773965
9.60705983825062
0.4852874441919
3.7975818383202
14.0923463725866
8.03850300131262
9.4295152011756
7.95154620966969
3.77358045774391
3.65072176108836
0.71562594089345
1.52661582742843
29.0423881821458
13.9701120056821
7.27916056162627
7.32057967515554
0.978720352246694
20.0856774634275
9.88553568320822
11.4040931191297
40.1422343772345
5.50841004778836
0.629304993812609
5.76453969365708
15.2058556649455
2.38417822822974
15.0192401857463
5.88831252797855
9.95647348634298
2.83027681924727
4.15987111056859
16.1050471453644
3.39170824750053
3.14958905656233
20.3941285821657
5.17851755163481
19.9066482275691
3.5707815160832
5.93945499093423
19.5151173021097
5.04841086744389
19.1226477009452
2.31731961045156
4.34298483663838
12.9831101106569
2.19309289575285
8.87642115680023
9.69755639638396
0.48755612605955
3.44366280022334
0.274664816950479
11.6744278600795
19.1538222431438
28.2395075720827
2.08150228156804
6.1424024777915
3.06400812439811
17.5948468001454
14.485375816317
5.64409196251034
3.51892390599651
8.06452109003006
4.42279844746426
2.68433682952632
2.74372346600223
4.75971620886246
17.1063038645839
