17.594997543347
18.3700272445485
19.80395976284
17.5367490719363
20.1954525123127
20.6912498874644
19.4629800864854
19.8367851521087
18.2812266448754
21.57587458322
20.258387079834
19.626045359255
19.6626402893678
17.1122880959259
19.6341831645682
21.7029172274625
21.8303910904662
18.6949187190641
20.5809262802315
20.1000190527185
20.1923340476958
19.1079647206776
20.4216759577071
20.6149054807629
20.2906520368811
19.82112807511
21.3967702011584
18.4575776962301
17.3707167145067
19.359877901611
20.0438744971164
20.3859838581169
19.2817274192799
19.0254264690915
22.1544013889882
20.6105110908984
19.7173408039496
21.2179932458791
16.7278552024218
20.589725706775
19.7702435291851
20.8349067638666
19.6228908088956
18.5879424111738
19.3153022846426
17.6381320715138
17.9733095870923
20.6424419663843
20.822632096144
19.1486962097046
20.4143209368283
17.8932018709606
19.3059958268662
18.5211894180829
18.8662687372826
22.571085724787
21.0032063500694
16.981833372704
20.3635212977005
20.7180400710636
21.7562943637017
20.448153773259
20.0752502709451
19.2208077570547
18.7626285446745
19.8809992523518
20.4734580281048
18.8060944973842
19.4257879385664
22.3917687168876
20.2717597922661
19.0245804148405
20.3279371848907
19.3963952161447
19.5603726470488
19.0751043597726
22.1488757779395
21.6285384108955
18.5966604923621
20.5711659479136
20.4491123703166
