1.16130653277198
1.8202207060145
1.23986526063233
1.79488780149478
1.96630418855658
0.975326464600937
2.52522401322853
1.95970347346011
1.4136997883764
1.68133815438407
2.03691980392316
1.53009276673479
1.0808915977928
2.93465808352565
2.56978754050614
1.68069487083801
2.54839026632158
1.36908092043869
1.22888929467595
1.78180528943803
1.74625761152708
1.76406884852804
1.44658291376651
2.00106777794085
2.41538224912163
1.2450125429023
2.2437829512572
1.65111663785527
2.5775655945791
2.22040598764779
2.43646820345993
1.42180012190698
2.34843262955135
1.73985949254098
1.85276197183907
0.926053032280052
1.3074389240171
1.65807679356161
2.34153481108681
1.75633636085819
2.7535566851046
1.20474453794556
3.08430967138965
1.50709065746611
1.83857944163404
1.65424601015515
0.515872227978509
2.48058591901163
1.31930401987074
1.84962496480424
1.06028643047617
2.92046607084025
3.04907755390648
3.41198616978407
1.65275464775593
1.17186608637256
1.97852721246967
2.51032250148846
2.01601142062908
0.935896146598108
1.98059986675636
2.27118699669588
2.13892969445479
0.667547357005705
1.68102775513371
2.12820886230779
2.698955645403
2.56426683812162
1.63041290199873
1.7588332352016
1.64069078649244
2.26844193424916
0.819044493244738
2.28839406204562
1.37873763245778
1.52303379779609
2.3601916968359
1.67144448259721
1.89264614722341
1.54394139204914
1.20594420962651
1.87712278111725
1.67091852287397
1.92449968084929
1.991024602618
1.9744657516467
3.13516789811993
1.45601156440277
1.96896510388259
0.898799824434598
1.70807010489242
2.74913420899047
2.44005077465877
2.48488623480978
1.28762163836582
1.71370981176795
1.96676926826718
0.743229689035367
0.80522702860297
2.55525373105717
1.59764058415585
1.68146819097684
3.95077258315452
2.03530765046857
1.89814618366581
1.90185625321211
2.38458044517231
3.39424318936634
2.05977531508344
1.34444127787239
1.38689964668686
1.64017975275322
0.519253408332295
1.97801799693384
1.22948530014557
2.68341460056008
2.42392915846424
1.77004464883297
2.38516050222306
1.49685545516432
1.06534750104014
1.96969444178413
2.89162645978616
1.56021403205857
2.3667800124199
1.12849909558731
2.49760310461872
1.61794097807734
1.5476974418711
1.66623893815471
2.39185440573537
